trade_id,date,setup_type,entry_price,stop_loss,risk,strategy,1R_outcome,1R_level,1.5R_outcome,1.5R_level,2R_outcome,2R_level,2.5R_outcome,2.5R_level,Equilibrium_outcome,Equilibrium_level,Equilibrium_RR,Full_Range_outcome,Full_Range_level,Full_Range_RR
22,2018-02-01,buy,8179.720583,8165.954941,13.765642000000298,Swing_SL,LOSS,8193.486225,LOSS,8200.369046,LOSS,8207.251867,LOSS,8214.134688000002,WIN,8179.720583,0.0,LOSS,8186.456961,0.4893617021276202
25,2018-02-06,sell,7547.37968,7630.266422,82.88674199999969,Swing_SL,NO_TOUCH,7464.492938,NO_TOUCH,7423.049567,NO_TOUCH,7381.606196000001,NO_TOUCH,7340.162825000001,NO_TOUCH,7450.2879665,1.1713780896346528,NO_TOUCH,7334.158662,2.5724381590484158
27,2018-02-08,sell,7716.37491,7728.676122,12.301211999999396,Swing_SL,WIN,7704.073698000001,WIN,7697.923092000001,WIN,7691.772486000002,WIN,7685.621880000002,WIN,7680.2034875,2.940476312415581,NO_TOUCH,7647.839583,5.571428815307295
28,2018-02-09,sell,7444.283803,7472.693747,28.409943999999996,Swing_SL,NO_TOUCH,7415.873859,NO_TOUCH,7401.668887,NO_TOUCH,7387.463915,NO_TOUCH,7373.258943000001,NO_TOUCH,7413.823657999999,1.072164908174438,NO_TOUCH,7367.254782,2.711340120909788
37,2018-02-22,sell,7876.583559,7893.278062,16.694503000000623,Swing_SL,LOSS,7859.889055999999,LOSS,7851.541804499999,LOSS,7843.194552999998,LOSS,7834.847301499998,WIN,7865.746777,0.6491227681350561,LOSS,7843.194554,1.9999999400999688
42,2018-03-01,sell,8062.859064,8082.189541,19.33047699999952,Swing_SL,WIN,8043.528587000001,WIN,8033.863348500001,WIN,8024.198110000001,NO_TOUCH,8014.532871500001,WIN,8036.792208999999,1.348484830457189,NO_TOUCH,8014.532872,2.499999974134195
63,2018-04-02,buy,7649.413132,7632.486424,16.926707999999962,Swing_SL,NO_TOUCH,7666.33984,NO_TOUCH,7674.803194,NO_TOUCH,7683.266548,NO_TOUCH,7691.729901999999,NO_TOUCH,7662.8377635,0.7931035083726891,NO_TOUCH,7677.137914,1.6379311322674375
66,2018-04-05,sell,7745.136588,7768.191933,23.05534499999976,Swing_SL,WIN,7722.0812430000005,WIN,7710.5535705,NO_TOUCH,7699.025898000001,NO_TOUCH,7687.498225500001,WIN,7712.304609999999,1.4240506051851063,NO_TOUCH,7682.39103,2.721518936281421
67,2018-04-06,sell,7637.4477,7650.580492,13.132792000000336,Swing_SL,LOSS,7624.314907999999,LOSS,7617.748511999999,LOSS,7611.182115999999,LOSS,7604.615719999999,LOSS,7602.8646835,2.6333331480464226,LOSS,7570.616385,5.088888562310112
73,2018-04-16,buy,7775.487928,7753.891783,21.596144999999524,Swing_SL,WIN,7797.084072999999,WIN,7807.882145499999,NO_TOUCH,7818.680217999999,NO_TOUCH,7829.478290499998,WIN,7786.7237605,0.5202702843493928,WIN,7808.757666,1.5405405918510735
77,2018-04-20,buy,7899.228006,7860.705151,38.52285500000016,Swing_SL,NO_TOUCH,7937.750861,NO_TOUCH,7957.0122885,NO_TOUCH,7976.273716000001,NO_TOUCH,7995.535143500001,NO_TOUCH,7911.923037,0.32954543478148846,NO_TOUCH,7926.660947,0.7121211810495331
81,2018-04-26,buy,7685.309428,7657.000967,28.308460999999625,Swing_SL,NO_TOUCH,7713.617888999999,NO_TOUCH,7727.7721194999995,NO_TOUCH,7741.926349999999,NO_TOUCH,7756.080580499998,WIN,7696.691181,0.40206187824907624,NO_TOUCH,7719.162846,1.195876314152191
105,2018-05-30,sell,8119.275219,8136.493767,17.218547999999828,Swing_SL,NO_TOUCH,8102.056671,NO_TOUCH,8093.447397,NO_TOUCH,8084.838123,NO_TOUCH,8076.228849000001,NO_TOUCH,8094.468835,1.4406780409126647,NO_TOUCH,8076.374767,2.491525533976517
108,2018-06-04,sell,8297.00566,8306.636374,9.630713999998989,Swing_SL,LOSS,8287.374946000002,LOSS,8282.559589000002,LOSS,8277.744232000003,LOSS,8272.928875000003,LOSS,8285.623907500001,1.1818181393405192,LOSS,8271.323757,2.666666562832548
112,2018-06-08,buy,8328.561675,8304.127504,24.434171000000788,Swing_SL,LOSS,8352.995846000002,LOSS,8365.212931500002,LOSS,8377.430017000002,LOSS,8389.647102500003,LOSS,8342.7010745,0.5786731827324691,LOSS,8359.167538,1.2525844646007378
116,2018-06-14,buy,8391.101517,8383.538559,7.562957999998616,Swing_SL,WIN,8398.664474999998,WIN,8402.445953999997,WIN,8406.227432999996,NO_TOUCH,8410.008911999996,NO_TOUCH,8408.699937500001,2.3269229447004025,NO_TOUCH,8427.171007,4.769230504785069
119,2018-06-19,buy,8354.741144,8333.215803,21.52534100000048,Swing_SL,WIN,8376.266485,NO_TOUCH,8387.0291555,NO_TOUCH,8397.791826,NO_TOUCH,8408.5544965,NO_TOUCH,8392.992256500002,1.7770270166684492,NO_TOUCH,8421.353348,3.0945945989891377
124,2018-06-26,sell,8236.933534,8246.532673,9.599138999999923,Swing_SL,WIN,8227.334395,WIN,8222.534825499999,WIN,8217.735256,WIN,8212.9356865,WIN,8214.826427,2.3030301988542923,NO_TOUCH,8191.846671,4.6969694886176665
125,2018-06-27,buy,8210.463182,8173.811926,36.651255999999194,Swing_SL,NO_DATA,8247.114437999999,NO_DATA,8265.440066,NO_DATA,8283.765693999998,NO_DATA,8302.091321999997,NO_DATA,8263.5493275,1.4484127228819241,NO_DATA,8283.765695,2.0000000272842535
126,2018-06-28,sell,8157.813362,8182.247533,24.43417099999988,Swing_SL,NO_TOUCH,8133.379191,NO_TOUCH,8121.1621055,NO_TOUCH,8108.94502,NO_TOUCH,8096.727934500001,WIN,8157.231595499999,0.023809545247159194,NO_TOUCH,8139.487733,0.7500000306947195
128,2018-07-02,buy,8157.231596,8135.706255,21.52534099999957,Swing_SL,NO_TOUCH,8178.756936999999,NO_TOUCH,8189.5196074999985,NO_TOUCH,8200.282277999999,NO_TOUCH,8211.044948499999,NO_TOUCH,8213.3720125,2.608108113130541,NO_TOUCH,8247.114439,4.1756756838371585
139,2018-07-17,buy,8501.055286,8490.874381,10.180905000001076,Swing_SL,WIN,8511.236191000002,WIN,8516.326643500002,NO_TOUCH,8521.417096000003,NO_TOUCH,8526.507548500003,NO_TOUCH,8519.671796999999,1.8285713303479787,NO_TOUCH,8539.160957,3.7428569464104933
157,2018-08-10,buy,8660.16828,8643.587949,16.580330999999205,Swing_SL,LOSS,8676.748610999999,LOSS,8685.038776499998,LOSS,8693.328941999998,LOSS,8701.619107499999,LOSS,8667.294912500001,0.42982450109119336,LOSS,8689.256578,1.754385844287546
175,2018-09-05,buy,8851.278402,8837.316019,13.962383000000045,Swing_SL,NO_TOUCH,8865.240785,NO_TOUCH,8872.2219765,NO_TOUCH,8879.203168,NO_TOUCH,8886.1843595,NO_TOUCH,8880.075817500001,2.06250004028689,NO_TOUCH,8893.165552,3.000000071621036
186,2018-09-20,buy,8727.23771,8714.194678,13.043031999999585,Swing_SL,WIN,8740.280741999999,NO_TOUCH,8746.802258,NO_TOUCH,8753.323773999999,NO_TOUCH,8759.845289999997,WIN,8725.3537165,0.1444444435925399,WIN,8736.22291,0.6888889025190824
201,2018-10-11,sell,8129.866839,8164.648258,34.781418999999914,Swing_SL,WIN,8095.08542,WIN,8077.6947105,WIN,8060.304001,NO_TOUCH,8042.913291500001,WIN,8091.1725105,1.1124999960467616,NO_TOUCH,8029.290569,2.891666668343828
213,2018-10-29,buy,8007.262337,7979.727047,27.535289999999804,Swing_SL,WIN,8034.797627,WIN,8048.565272,WIN,8062.332917,NO_TOUCH,8076.100562,WIN,8019.580757,0.4473684497239612,WIN,8046.391434,1.4210526564274528
216,2018-11-01,buy,8086.10022,8060.014156,26.08606400000008,Swing_SL,WIN,8112.186284,NO_TOUCH,8125.229316000001,NO_TOUCH,8138.272348,NO_TOUCH,8151.31538,WIN,8103.0561625,0.6500000345011694,NO_TOUCH,8124.939472,1.488888933186687
217,2018-11-02,sell,8241.457225,8265.224528,23.76730300000054,Swing_SL,WIN,8217.689922,NO_TOUCH,8205.8062705,NO_TOUCH,8193.922618999999,NO_TOUCH,8182.038967499999,NO_TOUCH,8179.140515999999,2.6219512159204656,NO_TOUCH,8123.780091,4.95121949680188
219,2018-11-06,buy,8044.362518,8024.942892,19.41962599999988,Swing_SL,LOSS,8063.782144,LOSS,8073.491957,LOSS,8083.20177,LOSS,8092.911582999999,LOSS,8059.144620999999,0.7611940106363909,LOSS,8077.404866,1.7014925004220036
224,2018-11-13,sell,7984.36457,8004.653731,20.289161000000604,Swing_SL,WIN,7964.075408999999,WIN,7953.930828499999,NO_TOUCH,7943.7862479999985,NO_TOUCH,7933.641667499998,NO_TOUCH,7936.250274,2.3714285672038535,NO_TOUCH,7885.237526,4.885714298388035
225,2018-11-14,buy,7917.990029,7857.122546,60.86748299999999,Swing_SL,NO_TOUCH,7978.857512,NO_TOUCH,8009.2912535,NO_TOUCH,8039.724995,NO_TOUCH,8070.1587365,NO_TOUCH,7962.046493,0.723809525687143,NO_TOUCH,7988.132557,1.1523809519115538
228,2018-11-19,sell,7995.378686,8039.724995,44.346308999999565,Swing_SL,NO_TOUCH,7951.032377,NO_TOUCH,7928.859222500001,NO_TOUCH,7906.686068000001,NO_TOUCH,7884.512913500001,NO_TOUCH,7969.0027765,0.5947712469148185,NO_TOUCH,7955.669899,0.8954248480972783
232,2018-11-23,sell,7587.566549,7611.333851,23.7673020000002,Swing_SL,LOSS,7563.799247,LOSS,7551.915596,LOSS,7540.031945,LOSS,7528.148294,LOSS,7578.5813485,0.3780488210231086,LOSS,7557.132807,1.2804878736341176
242,2018-12-07,buy,7882.049229,7842.630288,39.418940999999904,Swing_SL,NO_TOUCH,7921.46817,NO_TOUCH,7941.1776405,NO_TOUCH,7960.887111,NO_TOUCH,7980.5965815,NO_TOUCH,7914.801732,0.830882366931161,NO_TOUCH,7935.670583,1.3602941286525179
243,2018-12-10,sell,7648.144187,7667.563812,19.41962500000045,Swing_SL,WIN,7628.724561999999,NO_TOUCH,7619.014749499999,NO_TOUCH,7609.304936999999,NO_TOUCH,7599.595124499999,NO_TOUCH,7618.0002905,1.5522388563115432,NO_TOUCH,7598.580665,2.5522388820586555
248,2018-12-17,buy,7654.886923,7636.119992,18.766931000000113,Swing_SL,WIN,7673.653854,NO_TOUCH,7683.0373195,NO_TOUCH,7692.420785,NO_TOUCH,7701.8042505,WIN,7674.9531035,1.0692307921843935,NO_TOUCH,7686.935067,1.7076923232679935
253,2018-12-24,sell,7056.943619,7071.37972,14.436101000000235,Swing_SL,WIN,7042.507517999999,WIN,7035.289467499999,NO_TOUCH,7028.071416999999,NO_TOUCH,7020.8533664999995,NO_TOUCH,7024.462392,2.24999998268222,NO_TOUCH,6994.579663,4.319999977833226
264,2019-01-10,buy,7568.847761,7553.545494,15.302267000000029,Swing_SL,WIN,7584.150028,WIN,7591.8011615,NO_TOUCH,7599.452295,NO_TOUCH,7607.1034285000005,WIN,7586.604165000001,1.1603773480099795,NO_TOUCH,7605.226735,2.3773584659057465
269,2019-01-17,buy,7654.598201,7636.408714,18.189486999999644,Swing_SL,NO_TOUCH,7672.787687999999,NO_TOUCH,7681.882431499999,NO_TOUCH,7690.977174999999,NO_TOUCH,7700.071918499999,NO_TOUCH,7677.8403235,1.2777777899948624,NO_TOUCH,7701.371168,2.5714285949901057
281,2019-02-04,buy,7945.918719,7928.306676,17.612043000000085,Swing_SL,NO_TOUCH,7963.530762,NO_TOUCH,7972.336783500001,NO_TOUCH,7981.142805,NO_TOUCH,7989.9488265,WIN,7953.425492,0.42622954077502706,NO_TOUCH,7965.263095,1.0983607069321781
318,2019-03-27,sell,8509.405262,8516.594688,7.189425999999003,Swing_SL,WIN,8502.215836000001,WIN,8498.621123,WIN,8495.026410000002,WIN,8491.431697000004,WIN,8490.281386999999,2.660000255931946,NO_TOUCH,8471.445089,5.280000517427226
320,2019-03-29,sell,8471.157512,8491.863061,20.705549000000246,Swing_SL,NO_TOUCH,8450.451963,NO_TOUCH,8440.0991885,NO_TOUCH,8429.746414,NO_TOUCH,8419.393639499998,WIN,8474.1770715,0.14583334641358375,NO_TOUCH,8461.092315,0.48611109031688937
323,2019-04-03,sell,8700.356431,8711.284359,10.927927999999156,Swing_SL,NO_TOUCH,8689.428503000001,NO_TOUCH,8683.964539,NO_TOUCH,8678.500575000002,NO_TOUCH,8673.036611000003,NO_TOUCH,8674.0431295,2.4078948452078324,NO_TOUCH,8642.553441,5.289473905758219
343,2019-05-02,sell,8936.169621,8947.960281,11.790660000000571,Swing_SL,LOSS,8924.378960999999,LOSS,8918.483631,LOSS,8912.588300999998,LOSS,8906.692970999997,LOSS,8925.8168475,0.8780486842974332,LOSS,8913.738611,1.9024388795875156
345,2019-05-06,sell,8845.582847,8887.281521,41.69867400000112,Swing_SL,NO_TOUCH,8803.884172999999,NO_TOUCH,8783.034835999999,NO_TOUCH,8762.185498999997,NO_TOUCH,8741.336161999996,WIN,8852.628485000001,0.1689655167452382,NO_TOUCH,8819.988488,0.613793114860154
346,2019-05-07,sell,8949.685743,8964.064596,14.378853000000163,Swing_SL,WIN,8935.30689,WIN,8928.117463499999,WIN,8920.928037,NO_TOUCH,8913.7386105,NO_TOUCH,8915.176496,2.3999999860906547,NO_TOUCH,8897.634295,3.6200000097364913
348,2019-05-09,buy,8716.173169,8694.604889,21.568279999999504,Swing_SL,NO_TOUCH,8737.741449,NO_TOUCH,8748.525588999999,NO_TOUCH,8759.309728999999,NO_TOUCH,8770.093868999998,NO_TOUCH,8758.734574,1.9733332931509306,NO_TOUCH,8790.655628,3.4533332746052285
351,2019-05-14,sell,8464.255663,8487.261828,23.006165000000692,Swing_SL,LOSS,8441.249498,LOSS,8429.746415499998,LOSS,8418.243332999999,LOSS,8406.7402505,LOSS,8442.2560175,0.956250009508294,LOSS,8403.86448,2.624999994566583
361,2019-05-28,buy,8433.484917,8418.243333,15.24158399999942,Swing_SL,LOSS,8448.726501,LOSS,8456.347292999999,LOSS,8463.968084999999,LOSS,8471.588876999998,LOSS,8439.811612500002,0.4150943563347467,LOSS,8460.229584,1.7547170294112384
362,2019-05-29,buy,8316.441053,8303.500085,12.940968000000794,Swing_SL,WIN,8329.382021000001,LOSS,8335.852505000003,LOSS,8342.322989000002,LOSS,8348.793473000002,LOSS,8359.002457999999,3.2888888219178,LOSS,8386.897433,5.444444341412119
372,2019-06-12,buy,8618.972122,8599.129305,19.84281699999883,Swing_SL,LOSS,8638.814938999998,LOSS,8648.736347499998,LOSS,8658.657755999997,LOSS,8668.579164499995,LOSS,8638.095997,0.9637681484439564,LOSS,8662.971413,2.2173913613174316
375,2019-06-17,buy,8627.921073,8613.59231,14.328762999999526,Swing_SL,NO_TOUCH,8642.249835999999,NO_TOUCH,8649.414217499998,NO_TOUCH,8656.578598999999,NO_TOUCH,8663.7429805,WIN,8630.462682000001,0.1773781170085501,NO_TOUCH,8644.829012,1.1799999064818913
376,2019-06-18,buy,8672.913387,8645.115588,27.79779899999994,Swing_SL,WIN,8700.711186,WIN,8714.6100855,NO_TOUCH,8728.508985,NO_TOUCH,8742.4078845,WIN,8672.626811999999,0.01030926944978284,WIN,8683.803247,0.39175259882983327
395,2019-07-15,sell,9138.598169,9150.061179,11.463009999999485,Swing_SL,WIN,9127.135159000001,NO_TOUCH,9121.403654000002,NO_TOUCH,9115.672149000002,NO_TOUCH,9109.940644000002,NO_TOUCH,9118.6811895,1.7374999672862983,NO_TOUCH,9103.062838,3.100000000000222
417,2019-08-14,buy,8860.047026,8844.571962,15.475064000000202,Swing_SL,LOSS,8875.52209,LOSS,8883.259622000001,LOSS,8890.997154,LOSS,8898.734686,LOSS,8878.5311295,1.194444397774303,LOSS,8903.893039,2.8333332256331696
418,2019-08-15,sell,8625.341895,8657.724899,32.383004000001165,Swing_SL,LOSS,8592.958890999998,LOSS,8576.767388999997,LOSS,8560.575886999997,LOSS,8544.384384999998,LOSS,8612.3027215,0.4026548463508484,LOSS,8588.660263,1.1327433365971387
421,2019-08-20,sell,8861.479902,8883.832772,22.35287000000062,Swing_SL,NO_TOUCH,8839.127031999999,NO_TOUCH,8827.950597,NO_TOUCH,8816.774161999998,NO_TOUCH,8805.597726999997,NO_TOUCH,8851.019905500001,0.46794870188918253,NO_TOUCH,8827.090872,1.5384615040483616
424,2019-08-23,sell,8882.686471,8897.015233,14.328761999999188,Swing_SL,NO_TOUCH,8868.357709000002,NO_TOUCH,8861.193328000001,NO_TOUCH,8854.028947000003,NO_TOUCH,8846.864566000004,NO_TOUCH,8864.059078999999,1.3000000977058033,NO_TOUCH,8835.688129,3.280000184245048
425,2019-08-26,sell,8638.237782,8706.156116,67.91833399999996,Swing_SL,LOSS,8570.319448,LOSS,8536.360281000001,LOSS,8502.401114,LOSS,8468.441947,LOSS,8527.33316,1.632911402096525,LOSS,8486.352899,2.2362869354245456
427,2019-08-28,buy,8687.8153,8665.175855,22.639445000000705,Swing_SL,LOSS,8710.454745000001,LOSS,8721.774467500001,LOSS,8733.094190000002,LOSS,8744.413912500002,WIN,8696.26927,0.37341772291680375,LOSS,8712.460772,1.0886076050008906
431,2019-09-03,buy,8732.234464,8706.729267,25.50519699999859,Swing_SL,WIN,8757.739660999998,LOSS,8770.492259499997,LOSS,8783.244857999996,LOSS,8795.997456499996,WIN,8762.03829,1.1685393372967423,LOSS,8785.824036,2.101123625902742
432,2019-09-04,sell,8830.81635,8860.906751,30.090401000001293,Swing_SL,NO_DATA,8800.725948999998,NO_DATA,8785.680748499997,NO_DATA,8770.635547999997,NO_DATA,8755.590347499996,NO_DATA,8768.7728085,2.0619047748814183,NO_DATA,8723.923782,3.5523809735867165
439,2019-09-13,sell,9099.050785,9113.952698,14.901912999999695,Swing_SL,NO_TOUCH,9084.148872,NO_TOUCH,9076.6979155,NO_TOUCH,9069.246959,NO_TOUCH,9061.7960025,WIN,9096.758183,0.15384615384612568,NO_TOUCH,9084.435447,0.9807692475455942
446,2019-09-24,buy,9002.641496,8990.064381,12.577115000000049,Swing_SL,NO_TOUCH,9015.218611,NO_TOUCH,9021.5071685,NO_TOUCH,9027.795726,NO_TOUCH,9034.0842835,WIN,9010.5021925,0.6249999701839312,NO_TOUCH,9022.936385,1.6136362750917532
453,2019-10-03,sell,8656.199156,8675.636515,19.43735899999956,Swing_SL,NO_TOUCH,8636.761797000001,NO_TOUCH,8627.043117500001,NO_TOUCH,8617.324438000001,NO_TOUCH,8607.605758500002,NO_TOUCH,8646.0517115,0.5220588095327445,NO_TOUCH,8627.614805,1.4705882110837167
455,2019-10-07,sell,8841.997441,8859.433895,17.436454000000595,Swing_SL,NO_TOUCH,8824.560986999999,NO_TOUCH,8815.84276,NO_TOUCH,8807.124532999998,NO_TOUCH,8798.406305999997,WIN,8842.854971,0.04918029778308736,NO_TOUCH,8827.991108,0.8032787515167293
464,2019-10-18,buy,9071.243939,9052.378267,18.865671999999904,Swing_SL,NO_TOUCH,9090.109611,NO_TOUCH,9099.542447,NO_TOUCH,9108.975283,NO_TOUCH,9118.408119,WIN,9077.818340000002,0.3484848565162007,NO_TOUCH,9094.968951,1.2575757704258246
468,2019-10-24,sell,9055.236703,9078.961714,23.72501099999863,Swing_SL,NO_TOUCH,9031.511692000002,NO_TOUCH,9019.649186500003,NO_TOUCH,9007.786681000003,NO_TOUCH,8995.924175500004,WIN,9055.379624,0.006024064646324458,NO_TOUCH,9047.804771,0.31325304759613193
473,2019-10-31,sell,9272.19193,9299.061221,26.869290999999066,Swing_SL,WIN,9245.322639000002,NO_TOUCH,9231.887993500002,NO_TOUCH,9218.453348000003,NO_TOUCH,9205.018702500003,WIN,9283.053984,0.4042553262756222,WIN,9273.049461,0.03191490985004715
489,2019-11-22,sell,9481.715227,9505.440238,23.72501099999863,Swing_SL,NO_TOUCH,9457.990216000002,NO_TOUCH,9446.127710500003,NO_TOUCH,9434.265205000003,NO_TOUCH,9422.402699500004,NO_TOUCH,9480.5718525,0.04819279114354748,NO_TOUCH,9471.139017,0.4457831442102047
502,2019-12-11,sell,9574.042682,9597.48185,23.43916800000079,Swing_SL,NO_TOUCH,9550.603513999999,NO_TOUCH,9538.883929999998,NO_TOUCH,9527.164345999998,NO_TOUCH,9515.444761999997,WIN,9555.4628535,0.7926829356741437,NO_TOUCH,9541.456521,1.390243928453355
516,2020-01-02,sell,10029.349124,10042.745151,13.396026999998867,Swing_SL,LOSS,10015.953097000001,LOSS,10009.255083500002,LOSS,10002.557070000003,LOSS,9995.859056500003,LOSS,10012.5328335,1.2553192450270707,LOSS,10001.416981,2.085106502099642
524,2020-01-14,buy,10338.597839,10307.245435,31.352403999999297,Swing_SL,WIN,10369.950243,NO_TOUCH,10385.626444999998,NO_TOUCH,10401.302646999999,NO_TOUCH,10416.978849,WIN,10368.525134,0.9545454632442276,NO_TOUCH,10385.911467,1.5090909137302817
525,2020-01-15,sell,10316.651156,10328.622074,11.970918000000893,Swing_SL,NO_TOUCH,10304.680237999999,NO_TOUCH,10298.694778999998,NO_TOUCH,10292.709319999998,NO_TOUCH,10286.723860999999,NO_TOUCH,10309.3830985,0.6071428690764521,NO_TOUCH,10292.994342,1.9761904642566406
549,2020-02-18,buy,10897.525702,10873.868887,23.65681500000028,Swing_SL,NO_TOUCH,10921.182517000001,NO_TOUCH,10933.010924500002,NO_TOUCH,10944.839332000001,NO_TOUCH,10956.6677395,NO_TOUCH,10922.465114,1.054216808137504,NO_TOUCH,10940.27898,1.807228826027418
552,2020-02-21,buy,10920.32745,10874.438931,45.88851900000009,Swing_SL,NO_TOUCH,10966.215969,NO_TOUCH,10989.1602285,NO_TOUCH,11012.104488,NO_TOUCH,11035.0487475,WIN,10919.8999175,0.00931676396006307,NO_TOUCH,10956.240204,0.7826086956521515
558,2020-03-02,sell,9820.428102,9892.823654,72.39555199999995,Swing_SL,LOSS,9748.03255,LOSS,9711.834773999999,LOSS,9675.636998,LOSS,9639.439222,LOSS,9639.724244,2.4960629901682228,LOSS,9517.449867,4.185039365401906
574,2020-03-24,sell,8294.03712,8333.688751,39.651630999998815,Swing_SL,LOSS,8254.385489000002,LOSS,8234.559673500004,LOSS,8214.733858000003,LOSS,8194.908042500003,LOSS,8156.682730500001,3.464028743231378,LOSS,8027.31572,6.726618635183234
580,2020-04-01,buy,8680.569203,8621.519652,59.049550999998246,Swing_SL,NO_TOUCH,8739.618753999997,NO_TOUCH,8769.143529499997,NO_TOUCH,8798.668304999996,NO_TOUCH,8828.193080499994,NO_TOUCH,8739.618752999999,0.9999999830650953,NO_TOUCH,8837.17888,2.6521738835915114
581,2020-04-02,sell,8619.237544,8653.469167,34.23162299999967,Swing_SL,LOSS,8585.005921,LOSS,8567.8901095,LOSS,8550.774298,LOSS,8533.6584865,LOSS,8562.612733499998,1.6541666896717655,LOSS,8511.978457,3.1333333800737813
583,2020-04-06,sell,8932.456899,8960.697989,28.24108999999953,Swing_SL,WIN,8904.215809000001,NO_TOUCH,8890.095264000001,NO_TOUCH,8875.974719000002,NO_TOUCH,8861.854174000002,NO_TOUCH,8840.602042999999,3.2525251681150857,NO_TOUCH,8730.205057,7.161615999949182
586,2020-04-09,sell,9421.113325,9439.940718,18.827392999999574,Swing_SL,WIN,9402.285932,WIN,9392.8722355,WIN,9383.458539000001,WIN,9374.044842500001,WIN,9336.9605845,4.469696919801994,NO_TOUCH,9282.760514,7.3484847849090835
590,2020-04-16,sell,9890.942358,9914.904495,23.96213700000044,Swing_SL,WIN,9866.980221,NO_TOUCH,9854.9991525,NO_TOUCH,9843.018084,NO_TOUCH,9831.037015499998,NO_TOUCH,9766.282196,5.202380822712008,NO_TOUCH,9699.53053,7.988095051789276
592,2020-04-20,buy,10003.621453,9971.10141,32.52004300000044,Swing_SL,NO_TOUCH,10036.141496,NO_TOUCH,10052.4015175,NO_TOUCH,10068.661539,NO_TOUCH,10084.9215605,NO_TOUCH,10032.5757005,0.8903508368669575,NO_TOUCH,10083.780504,2.4649122081418975
596,2020-04-24,sell,9760.862189,9794.523285,33.661095999999816,Swing_SL,LOSS,9727.201093,LOSS,9710.370545,LOSS,9693.539997,LOSS,9676.709449,LOSS,9735.331103,0.7584745903698201,LOSS,9696.963158,1.8983051235170525
601,2020-05-01,buy,10001.624608,9955.982443,45.642164999999295,Swing_SL,NO_TOUCH,10047.266773,NO_TOUCH,10070.087855499998,NO_TOUCH,10092.908937999999,NO_TOUCH,10115.7300205,NO_TOUCH,10068.946801,1.4749999917839351,NO_TOUCH,10111.451067,2.406249988360578
603,2020-05-05,sell,10123.432135,10169.0743,45.642165000001114,Swing_SL,WIN,10077.789969999998,NO_TOUCH,10054.968887499997,NO_TOUCH,10032.147804999997,NO_TOUCH,10009.326722499996,WIN,10095.618941,0.6093749934955495,NO_TOUCH,10062.100476,1.3437499952072387
608,2020-05-12,sell,10574.719039,10604.386446,29.66740700000082,Swing_SL,NO_TOUCH,10545.051631999999,NO_TOUCH,10530.217928499998,NO_TOUCH,10515.384224999998,NO_TOUCH,10500.550521499998,WIN,10560.8837575,0.46634616567600445,NO_TOUCH,10525.083185,1.6730769224286683
609,2020-05-13,sell,10363.90929,10412.40409,48.494800000000396,Swing_SL,LOSS,10315.41449,LOSS,10291.167089999999,LOSS,10266.919689999999,LOSS,10242.672289999999,LOSS,10333.1008295,0.6352941036977183,LOSS,10266.634427,2.005882342024257
610,2020-05-14,sell,10253.227041,10307.141848,53.9148069999992,Swing_SL,LOSS,10199.312234,LOSS,10172.3548305,LOSS,10145.397427000002,LOSS,10118.440023500003,LOSS,10247.9496655,0.09788360180905244,LOSS,10204.732241,0.8994709004522842
611,2020-05-15,sell,10403.846184,10432.657801,28.811616999999387,Swing_SL,LOSS,10375.034567,LOSS,10360.628758500001,LOSS,10346.222950000001,LOSS,10331.817141500002,LOSS,10369.8998245,1.1782177827784004,LOSS,10329.10714,2.594059333775036
616,2020-05-22,buy,10575.004302,10545.051632,29.95266999999876,Swing_SL,WIN,10604.956971999998,WIN,10619.933306999998,NO_TOUCH,10634.909641999997,NO_TOUCH,10649.885976999996,NO_TOUCH,10654.0222995,2.638095284994769,NO_TOUCH,10735.037142,5.342857247784804
626,2020-06-05,sell,11031.140686,11073.074425,41.93373900000006,Swing_SL,NO_TOUCH,10989.206947,NO_TOUCH,10968.2400775,NO_TOUCH,10947.273208,NO_TOUCH,10926.3063385,NO_TOUCH,11010.1738165,0.5,NO_TOUCH,10966.671128,1.5374149679331146
627,2020-06-08,buy,11197.734587,11178.336667,19.39792000000125,Swing_SL,WIN,11217.132507000002,NO_TOUCH,11226.831467000004,NO_TOUCH,11236.530427000003,NO_TOUCH,11246.229387000003,NO_TOUCH,11238.38464,2.095588238326417,NO_TOUCH,11264.486253,3.441176476652857
630,2020-06-11,buy,11390.28747,11348.068467,42.21900300000016,Swing_SL,LOSS,11432.506473,LOSS,11453.6159745,LOSS,11474.725476,LOSS,11495.834977499999,LOSS,11454.757027,1.5270269882971919,LOSS,11519.511848,3.060810744393948
634,2020-06-17,sell,11406.115658,11456.961853,50.84619500000008,Swing_SL,NO_TOUCH,11355.269463,NO_TOUCH,11329.846365500001,NO_TOUCH,11304.423268,NO_TOUCH,11279.0001705,NO_TOUCH,11369.409275,0.7219101252316046,NO_TOUCH,11329.275059,1.5112359735079666
640,2020-06-25,buy,11390.97606,11304.70892,86.26714000000175,Swing_SL,WIN,11477.243200000003,NO_TOUCH,11520.376770000003,NO_TOUCH,11563.510340000004,NO_TOUCH,11606.643910000006,WIN,11410.543276,0.226821197503465,WIN,11462.389256,0.8278145769060858
641,2020-06-26,buy,11514.949369,11473.815368,41.13400100000035,Swing_SL,NO_TOUCH,11556.08337,NO_TOUCH,11576.6503705,NO_TOUCH,11597.217371,NO_TOUCH,11617.784371500002,WIN,11532.6598415,0.43055555184142386,NO_TOUCH,11554.655106,0.9652777759207009
644,2020-07-01,sell,11579.506898,11606.358259,26.851361000000907,Swing_SL,NO_TOUCH,11552.655536999999,NO_TOUCH,11539.229856499998,NO_TOUCH,11525.804175999998,NO_TOUCH,11512.378495499997,WIN,11574.507974,0.18617022801933072,NO_TOUCH,11545.799869,1.2553191996486919
648,2020-07-07,buy,12080.541881,12041.121796,39.420084999999744,Swing_SL,LOSS,12119.961965999999,LOSS,12139.672008499998,LOSS,12159.382050999999,LOSS,12179.0920935,LOSS,12140.528965,1.5217390830080837,LOSS,12185.376452,2.6594202168768004
655,2020-07-16,buy,12098.823659,12073.971867,24.851791999999477,Swing_SL,LOSS,12123.675451,LOSS,12136.101347,LOSS,12148.527242999999,LOSS,12160.953138999997,LOSS,12124.9608885,1.0517241372372927,LOSS,12166.237716,2.7126436998990404
660,2020-07-23,sell,12449.319624,12477.027944,27.70831999999973,Swing_SL,NO_TOUCH,12421.611304,NO_TOUCH,12407.757144,NO_TOUCH,12393.902984,NO_TOUCH,12380.048824000001,NO_TOUCH,12373.621637,2.7319587401906826,NO_TOUCH,12347.055928,3.690721631625482
661,2020-07-24,buy,11916.862835,11857.161404,59.7014309999995,Swing_SL,NO_TOUCH,11976.564266,NO_TOUCH,12006.414981499998,NO_TOUCH,12036.265696999999,NO_TOUCH,12066.1164125,NO_TOUCH,12024.4111085,1.8014354379546011,NO_TOUCH,12108.250201,3.2057416848182823
664,2020-07-29,sell,12083.684061,12118.819354,35.135292999999365,Swing_SL,NO_TOUCH,12048.548768,NO_TOUCH,12030.9811215,NO_TOUCH,12013.413475000001,NO_TOUCH,11995.845828500002,NO_TOUCH,12050.119859,0.9552845339869565,NO_TOUCH,12011.413907,2.0569105258351232
669,2020-08-05,sell,12708.406699,12724.688908,16.282209000000876,Swing_SL,WIN,12692.124489999998,LOSS,12683.983385499998,LOSS,12675.842280999997,LOSS,12667.701176499997,LOSS,12660.9883375,2.912280606396577,LOSS,12632.423059,4.666666543832871
670,2020-08-06,sell,12673.271407,12715.548019,42.27661199999966,Swing_SL,NO_TOUCH,12630.994795,NO_TOUCH,12609.856489000002,NO_TOUCH,12588.718183,NO_TOUCH,12567.579877,WIN,12679.9842475,0.15878378570166327,NO_TOUCH,12646.991351,0.6216216190644561
674,2020-08-12,sell,12504.736265,12536.729376,31.99311099999977,Swing_SL,LOSS,12472.743154,LOSS,12456.7465985,LOSS,12440.750043,LOSS,12424.7534875,LOSS,12470.315104,1.0758929008185687,LOSS,12429.895235,2.339285791869385
692,2020-09-07,buy,13063.758762,12992.916872,70.8418899999997,Swing_SL,NO_TOUCH,13134.600652,NO_TOUCH,13170.021596999999,NO_TOUCH,13205.442541999999,NO_TOUCH,13240.863486999999,WIN,13055.7604845,0.11290322011452522,NO_TOUCH,13117.175833,0.7540322681961207
696,2020-09-11,sell,12905.221467,12956.638969,51.41750200000024,Swing_SL,LOSS,12853.803965,LOSS,12828.095213999999,LOSS,12802.386462999999,LOSS,12776.677711999999,LOSS,12839.8069795,1.2722221997482466,LOSS,12774.392492,2.544444399496458
700,2020-09-17,buy,12695.985044,12607.905861,88.07918299999983,Swing_SL,NO_TOUCH,12784.064226999999,NO_TOUCH,12828.1038185,NO_TOUCH,12872.143409999999,NO_TOUCH,12916.183001499998,WIN,12776.485985,0.9139610320863262,NO_TOUCH,12895.30709,2.2629869988689784
703,2020-09-22,buy,12506.386024,12465.492118,40.89390599999933,Swing_SL,WIN,12547.279929999999,WIN,12567.726883,WIN,12588.173835999998,WIN,12608.620788999997,WIN,12562.5793985,1.3741258783155,WIN,12637.074941,3.1958042110236042
708,2020-09-29,buy,13003.69024,12976.236989,27.453250999999,Swing_SL,LOSS,13031.143490999999,LOSS,13044.870116499998,LOSS,13058.596741999998,LOSS,13072.323367499997,LOSS,13066.4609565,2.286458405235924,LOSS,13096.058994,3.364583451337124
710,2020-10-01,sell,13135.237072,13166.979894,31.74282200000016,Swing_SL,LOSS,13103.49425,LOSS,13087.622839,LOSS,13071.751428,LOSS,13055.880017,LOSS,13090.339566,1.4144144462013841,LOSS,13051.447459,2.6396396955506534
712,2020-10-05,buy,12953.073307,12888.729749,64.34355800000048,Swing_SL,NO_TOUCH,13017.416865000001,NO_TOUCH,13049.588644000001,NO_TOUCH,13081.760423000002,NO_TOUCH,13113.932202000002,WIN,12970.8035325,0.27555556532946734,NO_TOUCH,13001.116498,0.7466666826226563
714,2020-10-07,sell,12962.796334,12992.251385,29.455050999999003,Swing_SL,NO_TOUCH,12933.341283000002,NO_TOUCH,12918.613757500003,NO_TOUCH,12903.886232000003,NO_TOUCH,12889.158706500002,NO_TOUCH,12911.321487,1.7475728356404157,NO_TOUCH,12860.990525,3.456310735975462
719,2020-10-14,sell,13886.197895,13925.375973,39.17807800000082,Swing_SL,WIN,13847.019816999999,NO_TOUCH,13827.430777999998,NO_TOUCH,13807.841738999998,NO_TOUCH,13788.252699999997,WIN,13882.0513105,0.10583940590445347,NO_TOUCH,13840.442476,1.1678831973329116
728,2020-10-27,sell,13186.425947,13209.8756,23.44965299999967,Swing_SL,LOSS,13162.976294,LOSS,13151.2514675,LOSS,13139.526641,LOSS,13127.8018145,LOSS,13163.4052515,0.9817072986111881,LOSS,13135.523043,2.1707316521912374
750,2020-11-26,sell,13948.253683,13982.284276,34.0305929999995,Swing_SL,NO_TOUCH,13914.223090000001,NO_TOUCH,13897.207793500002,NO_TOUCH,13880.192497000002,NO_TOUCH,13863.177200500002,WIN,13949.3975685,0.03361344599548077,WIN,13928.521658,0.5798319470954105
751,2020-11-27,sell,13943.39217,13959.692538,16.300368000000162,Swing_SL,LOSS,13927.091801999999,LOSS,13918.941617999999,LOSS,13910.791433999999,LOSS,13902.641249999999,LOSS,13917.3687745,1.5964912878039474,LOSS,13883.05221,3.7017544634574344
753,2020-12-01,buy,14156.440842,14126.699819,29.741023000000496,Swing_SL,NO_TOUCH,14186.181865,NO_TOUCH,14201.0523765,NO_TOUCH,14215.922888000001,NO_TOUCH,14230.793399500002,WIN,14164.734012,0.27884615804912594,NO_TOUCH,14186.181865,1.0
765,2020-12-17,sell,14562.642856,14574.933212,12.29035599999952,Swing_SL,LOSS,14550.3525,LOSS,14544.207322000002,LOSS,14538.062144000001,LOSS,14531.916966,LOSS,14512.338143,4.093023261490677,LOSS,14487.757431,6.093023261490824
766,2020-12-18,sell,14563.214501,14582.936235,19.721733999998833,Swing_SL,NO_TOUCH,14543.492767000002,NO_TOUCH,14533.631900000002,NO_TOUCH,14523.771033000003,NO_TOUCH,14513.910166000003,NO_TOUCH,14546.4939,0.8478261090024786,NO_TOUCH,14527.772544,1.7971014617681695
775,2021-01-04,sell,14782.725977,14809.021623,26.295646000000488,Swing_SL,LOSS,14756.430331,LOSS,14743.282508,LOSS,14730.134684999999,LOSS,14716.986861999998,LOSS,14707.554729,2.8586956182783707,LOSS,14672.112772,4.20652168043324
776,2021-01-05,buy,14524.914321,14460.890141,64.02418000000034,Swing_SL,NO_TOUCH,14588.938501,NO_TOUCH,14620.950591,NO_TOUCH,14652.962681,NO_TOUCH,14684.974771000001,WIN,14513.767254,0.1741071420204026,NO_TOUCH,14551.209967,0.41071429575514046
777,2021-01-06,buy,14380.859915,14281.107955,99.7519599999996,Swing_SL,NO_TOUCH,14480.611874999999,NO_TOUCH,14530.487855,NO_TOUCH,14580.363834999998,NO_TOUCH,14630.239814999997,NO_TOUCH,14502.191454,1.216332380837441,NO_TOUCH,14625.237926,2.449856734644629
778,2021-01-07,buy,14529.487477,14474.323786,55.163690999999744,Swing_SL,NO_TOUCH,14584.651168,NO_TOUCH,14612.233013500001,NO_TOUCH,14639.814859,NO_TOUCH,14667.396704499999,WIN,14539.9199885,0.18911917079658946,NO_TOUCH,14568.645123,0.7098445606186837
788,2021-01-21,buy,15274.340221,15245.757997,28.58222399999977,Swing_SL,NO_TOUCH,15302.922445,NO_TOUCH,15317.213557,NO_TOUCH,15331.504669,NO_TOUCH,15345.795781,NO_TOUCH,15283.343621,0.31499998040739147,NO_TOUCH,15310.925467,1.279999974809484
789,2021-01-22,buy,15255.190131,15234.325108,20.865023000000292,Swing_SL,LOSS,15276.055154,LOSS,15286.4876655,LOSS,15296.920177,LOSS,15307.3526885,LOSS,15268.480865,0.6369863095765564,LOSS,15293.776133,1.8493150954110842
795,2021-02-01,sell,14865.042781,14918.491538,53.448757000000114,Swing_SL,LOSS,14811.594024,LOSS,14784.869645499999,LOSS,14758.145267,LOSS,14731.4208885,LOSS,14747.1411085,2.205882402466345,LOSS,14651.247749,4.000000074838027
802,2021-02-10,sell,15720.508729,15734.228196,13.719467000000805,Swing_SL,WIN,15706.789261999998,NO_TOUCH,15699.929528499997,NO_TOUCH,15693.069794999998,NO_TOUCH,15686.210061499998,NO_TOUCH,15682.923105,2.7395833963518528,NO_TOUCH,15643.90837,5.583333448740795
804,2021-02-12,buy,15672.776416,15621.042591,51.73382500000116,Swing_SL,NO_TOUCH,15724.510241000002,NO_TOUCH,15750.377153500001,NO_TOUCH,15776.244066000003,NO_TOUCH,15802.110978500004,NO_TOUCH,15683.2089275,0.20165745525290277,NO_TOUCH,15701.072817,0.5469613159281953
808,2021-02-18,buy,15590.459612,15555.875122,34.5844900000011,Swing_SL,LOSS,15625.044102000002,LOSS,15642.336347000002,LOSS,15659.628592000003,LOSS,15676.920837000003,LOSS,15622.6146135,0.9297520796171441,LOSS,15683.066016,2.67768598004473
810,2021-02-22,buy,15348.939824,15279.485021,69.45480299999872,Swing_SL,NO_TOUCH,15418.394626999998,NO_TOUCH,15453.122028499998,NO_TOUCH,15487.849429999997,NO_TOUCH,15522.576831499995,NO_TOUCH,15511.286853,2.3374485562935576,NO_TOUCH,15581.884945,3.3539094625321297
814,2021-02-26,sell,14623.522992,14766.43411,142.911118,Swing_SL,NO_DATA,14480.611874,NO_DATA,14409.156315,NO_DATA,14337.700756,NO_DATA,14266.245197,NO_DATA,14593.511658,0.20999999454206716,NO_DATA,14476.610364,1.0279999908754478
816,2021-03-02,buy,15123.711903,15052.827989,70.883914,Swing_SL,LOSS,15194.595817,LOSS,15230.037774,LOSS,15265.479731,LOSS,15300.921687999999,LOSS,15165.441949,0.5887096753714895,LOSS,15231.466885,1.5201612879334
818,2021-03-04,sell,14481.469342,14529.773299,48.30395700000008,Swing_SL,WIN,14433.165385,WIN,14409.0134065,WIN,14384.861428,NO_TOUCH,14360.7094495,WIN,14392.4357155,1.8431952997142735,NO_TOUCH,14303.973734,3.6745562687545616
821,2021-03-09,sell,14290.254267,14318.550668,28.296400999999605,Swing_SL,LOSS,14261.957866,LOSS,14247.8096655,LOSS,14233.661465000001,LOSS,14219.513264500001,LOSS,14177.354484,3.989899033449601,LOSS,14092.179458,7.000000070680455
825,2021-03-15,buy,14785.584199,14716.415218,69.16898100000071,Swing_SL,WIN,14854.753180000002,NO_TOUCH,14889.337670500001,NO_TOUCH,14923.922161000002,NO_TOUCH,14958.506651500003,WIN,14812.737312,0.3925619924919554,NO_TOUCH,14873.617448,1.2727272792987823
826,2021-03-16,sell,15036.839862,15064.869122,28.02925999999934,Swing_SL,WIN,15008.810602000001,WIN,14994.795972000002,WIN,14980.781342000002,NO_TOUCH,14966.766712000002,NO_TOUCH,14975.9466685,2.1724866621523895,NO_TOUCH,14927.352028,3.906197809004018
832,2021-03-24,buy,14911.852244,14896.121537,15.730706999998802,Swing_SL,WIN,14927.582950999999,WIN,14935.448304499998,WIN,14943.313657999997,WIN,14951.179011499997,WIN,14926.867919,0.9545454632141899,WIN,14956.756262,2.854545444143388
838,2021-04-01,sell,15063.153045,15127.219924,64.06687900000179,Swing_SL,LOSS,14999.086165999997,LOSS,14967.052726499996,LOSS,14935.019286999996,LOSS,14902.985847499995,LOSS,15015.817917,0.7388392994763718,LOSS,14991.935844,1.1116071535183958
842,2021-04-07,sell,15541.652552,15567.965734,26.31318199999987,Swing_SL,WIN,15515.33937,NO_TOUCH,15502.182778999999,NO_TOUCH,15489.026188,NO_TOUCH,15475.869597,WIN,15528.352954,0.5054348045021568,NO_TOUCH,15500.180688,1.5760869970039881
847,2021-04-14,sell,15987.832606,16006.423442,18.5908359999994,Swing_SL,LOSS,15969.24177,LOSS,15959.946352,LOSS,15950.650934000001,LOSS,15941.355516000001,WIN,15985.115484,0.1461538362234009,LOSS,15968.097719,1.0615384375399344
852,2021-04-21,sell,15734.139203,15761.596438,27.457234999999855,Swing_SL,LOSS,15706.681968,LOSS,15692.9533505,LOSS,15679.224733000001,LOSS,15665.496115500002,LOSS,15713.8322905,0.7395833010862269,LOSS,15684.658979,1.8020832760473178
853,2021-04-22,sell,15924.337752,15944.930678,20.59292600000117,Swing_SL,NO_TOUCH,15903.744825999998,NO_TOUCH,15893.448362999998,NO_TOUCH,15883.151899999997,NO_TOUCH,15872.855436999997,NO_TOUCH,15901.59973,1.104166644409748,NO_TOUCH,15877.145631,2.2916666140594764
860,2021-05-03,sell,15892.590325,15918.903508,26.31318300000021,Swing_SL,WIN,15866.277141999999,WIN,15853.1205505,WIN,15839.963958999999,NO_TOUCH,15826.807367499998,WIN,15879.147721,0.5108695515855964,WIN,15851.9765,1.5434782253442398
863,2021-05-06,sell,15493.888405,15525.349819,31.461413999999422,Swing_SL,WIN,15462.426991,WIN,15446.696284000001,NO_TOUCH,15430.965577,NO_TOUCH,15415.23487,NO_TOUCH,15433.396686,1.92272728110697,NO_TOUCH,15388.635674,3.345454562213969
864,2021-05-07,buy,15575.974094,15545.656732,30.317361999999775,Swing_SL,NO_TOUCH,15606.291455999999,NO_TOUCH,15621.450137,NO_TOUCH,15636.608817999999,NO_TOUCH,15651.767498999998,WIN,15595.7089815,0.6509434264102807,NO_TOUCH,15628.886473,1.74528308234739
873,2021-05-20,sell,15112.061243,15169.83584,57.77459699999963,Swing_SL,WIN,15054.286646,NO_TOUCH,15025.3993475,NO_TOUCH,14996.512049,NO_TOUCH,14967.624750500001,WIN,15112.490262,0.007425737647278548,WIN,15078.311726,0.584158414813355
877,2021-05-26,buy,15674.934542,15642.043064,32.89147800000137,Swing_SL,NO_TOUCH,15707.826020000002,NO_TOUCH,15724.271759000003,NO_TOUCH,15740.717498000004,NO_TOUCH,15757.163237000004,WIN,15678.9387225,0.12173914775122265,NO_TOUCH,15696.385507,0.6521739460902032
884,2021-06-04,sell,15479.587762,15497.034546,17.44678400000157,Swing_SL,LOSS,15462.140977999998,LOSS,15453.417585999996,LOSS,15444.694193999996,LOSS,15435.970801999996,LOSS,15445.123213,1.9754098520389396,LOSS,15407.798535,4.11475415755665
885,2021-06-07,buy,15715.262355,15685.231005,30.03135000000111,Swing_SL,LOSS,15745.293705000002,LOSS,15760.309380000002,LOSS,15775.325055000003,LOSS,15790.340730000004,LOSS,15729.849011,0.4857142952281184,LOSS,15751.585988,1.2095238142806977
886,2021-06-08,buy,15795.345955,15777.327145,18.018810000001395,Swing_SL,WIN,15813.364765000002,WIN,15822.374170000003,WIN,15831.383575000003,WIN,15840.392980000004,WIN,15836.245792500002,2.2698412103794783,NO_TOUCH,15862.844988,3.7460316746774525
887,2021-06-09,sell,15814.794829,15839.677947,24.88311799999974,Swing_SL,NO_TOUCH,15789.911711,NO_TOUCH,15777.470152000002,NO_TOUCH,15765.028593000001,NO_TOUCH,15752.587034,WIN,15810.6476425,0.16666667336466273,NO_TOUCH,15794.773929,0.8045977196266054
888,2021-06-10,buy,15789.053672,15757.592258,31.461413999999422,Swing_SL,LOSS,15820.515086,LOSS,15836.245792999998,LOSS,15851.976499999999,LOSS,15867.707207,LOSS,15818.369989,0.9318181630361956,LOSS,15833.099651,1.3999999809290598
900,2021-06-28,sell,16436.55615,16469.754954,33.198803999999654,Swing_SL,NO_TOUCH,16403.357346,NO_TOUCH,16386.757944,NO_TOUCH,16370.158542000001,NO_TOUCH,16353.559140000001,NO_TOUCH,16426.682367499998,0.29741380141292634,NO_TOUCH,16408.508884,0.8448276028257431
901,2021-06-29,sell,16583.374998,16599.9744,16.599401999999827,Swing_SL,WIN,16566.775596,LOSS,16558.475895,LOSS,16550.176194,LOSS,16541.876493,WIN,16578.5096565,0.29310342023169544,WIN,16566.203203,1.0344827482338557
903,2021-07-01,sell,16657.213718,16721.035556,63.82183799999984,Swing_SL,NO_TOUCH,16593.39188,NO_TOUCH,16561.480961,NO_TOUCH,16529.570042,NO_TOUCH,16497.659122999998,WIN,16667.9460895,0.16816142932145062,WIN,16649.200213,0.12556054872626837
905,2021-07-05,buy,16816.911413,16799.167224,17.744189000000915,Swing_SL,NO_TOUCH,16834.655602000003,NO_TOUCH,16843.5276965,NO_TOUCH,16852.399791000003,NO_TOUCH,16861.271885500006,NO_TOUCH,16833.9401095,0.9596773625436965,NO_TOUCH,16849.82402,1.854838617870712
906,2021-07-06,buy,16821.490558,16795.160472,26.330086000001756,Swing_SL,NO_TOUCH,16847.820644000003,NO_TOUCH,16860.985687000004,NO_TOUCH,16874.150730000005,NO_TOUCH,16887.315773000006,WIN,16831.221242,0.3695652190424916,NO_TOUCH,16855.834148,1.3043478095741166
909,2021-07-09,sell,16843.813892,16877.298892,33.48500000000058,Swing_SL,NO_TOUCH,16810.328891999998,NO_TOUCH,16793.586391999997,NO_TOUCH,16776.843891999997,NO_TOUCH,16760.101391999997,NO_TOUCH,16803.889468,1.192307719874463,NO_TOUCH,16760.530685,2.4871795430788506
912,2021-07-14,sell,17025.834921,17051.592614,25.757692999999563,Swing_SL,LOSS,17000.077228000002,LOSS,16987.198381500002,LOSS,16974.319535000002,LOSS,16961.440688500003,WIN,17017.821416,0.3111111309542652,LOSS,16992.922313,1.277777788562156
914,2021-07-16,sell,16927.383295,16959.437313,32.054017999998905,Swing_SL,NO_TOUCH,16895.329277,NO_TOUCH,16879.302268,NO_TOUCH,16863.275259000002,NO_TOUCH,16847.248250000004,NO_TOUCH,16903.199683500003,0.7544642765221428,NO_TOUCH,16869.571585,1.8035713962599043
915,2021-07-19,sell,16737.348762,16787.146968,49.79820599999948,Swing_SL,NO_TOUCH,16687.550556000002,NO_TOUCH,16662.651453000002,NO_TOUCH,16637.752350000002,NO_TOUCH,16612.853247000003,WIN,16756.8101295,0.3908045904304314,WIN,16729.049061,0.16666666666666666
918,2021-07-22,sell,17012.383681,17033.562229,21.178547999999864,Swing_SL,NO_TOUCH,16991.205133,NO_TOUCH,16980.615858999998,NO_TOUCH,16970.026585,NO_TOUCH,16959.437311,WIN,16992.493018499998,0.9391891502666712,NO_TOUCH,16978.040091,1.621621557814097
921,2021-07-27,buy,17283.125652,17231.32407,51.80158200000005,Swing_SL,NO_TOUCH,17334.927234,NO_TOUCH,17360.828025,NO_TOUCH,17386.728816,NO_TOUCH,17412.629607,NO_TOUCH,17289.99437,0.13259668401635935,NO_TOUCH,17306.307575,0.44751380372900723
923,2021-07-29,sell,17179.522488,17200.128642,20.60615400000097,Swing_SL,WIN,17158.916333999998,NO_TOUCH,17148.613256999997,NO_TOUCH,17138.310179999997,NO_TOUCH,17128.007102999996,NO_TOUCH,17136.0206065,2.11111115155202,NO_TOUCH,17108.259538,3.4583333697300778
939,2021-08-20,buy,17064.185263,17001.222014,62.96324900000036,Swing_SL,NO_TOUCH,17127.148512,NO_TOUCH,17158.6301365,NO_TOUCH,17190.111761,NO_TOUCH,17221.5933855,NO_TOUCH,17085.506909,0.3386363686537238,NO_TOUCH,17122.569367,0.9272727333368761
942,2021-08-25,sell,17589.928392,17606.241598,16.3132059999989,Swing_SL,LOSS,17573.615186000003,LOSS,17565.458583000003,LOSS,17557.301980000004,LOSS,17549.145377000004,LOSS,17581.1993965,0.5350876768185274,LOSS,17568.463648,1.3157894285159055
944,2021-08-27,sell,17536.982024,17555.012409,18.030384999998205,Swing_SL,NO_TOUCH,17518.951639000003,NO_TOUCH,17509.936446500004,NO_TOUCH,17500.921254000004,NO_TOUCH,17491.906061500005,NO_TOUCH,17514.3724935,1.2539682596907367,NO_TOUCH,17475.735954,3.3968254144327563
952,2021-09-08,buy,17928.212757,17864.677115,63.535642000002554,Swing_SL,NO_TOUCH,17991.748399000004,NO_TOUCH,18023.516220000005,NO_TOUCH,18055.284041000006,NO_TOUCH,18087.051862000008,NO_TOUCH,17946.243142,0.28378378548527894,NO_TOUCH,17962.842544,0.5450450473137053
953,2021-09-09,buy,17843.784764,17797.707114,46.07764999999927,Swing_SL,NO_TOUCH,17889.862414,NO_TOUCH,17912.901239,NO_TOUCH,17935.940064,NO_TOUCH,17958.978888999998,WIN,17838.060833,0.12422358779148979,NO_TOUCH,17869.256261,0.5527950535671642
955,2021-09-13,sell,17734.486698,17741.073057,6.586359000000812,Swing_SL,WIN,17727.900339,LOSS,17724.6071595,LOSS,17721.31398,LOSS,17718.0208005,LOSS,17693.091167,6.285040186846304,LOSS,17646.573127,13.34782555885431
956,2021-09-14,buy,17654.877667,17629.964049,24.913618000002316,Swing_SL,WIN,17679.791285000003,NO_TOUCH,17692.248094000002,NO_TOUCH,17704.704903000005,NO_TOUCH,17717.16171200001,NO_TOUCH,17695.398091000003,1.626436754388637,NO_TOUCH,17711.863988,2.2873562964638463
970,2021-10-04,buy,16804.951031,16761.996518,42.95451300000059,Swing_SL,WIN,16847.905544,NO_TOUCH,16869.382800500003,NO_TOUCH,16890.860057,NO_TOUCH,16912.3373135,NO_TOUCH,16901.3123225,2.243333348931227,NO_TOUCH,16973.90545,3.9333333612697587
971,2021-10-05,sell,16621.678442,16653.178418,31.49997599999915,Swing_SL,WIN,16590.178466,WIN,16574.428478,LOSS,16558.678490000002,LOSS,16542.928502000002,LOSS,16568.987572,1.6727273062050458,LOSS,16506.560346,3.6545455145745214
977,2021-10-13,buy,16734.50563,16713.887463,20.61816700000054,Swing_SL,WIN,16755.123797,WIN,16765.4328805,WIN,16775.741964,WIN,16786.0510475,WIN,16748.823801,0.694444418846671,WIN,16776.028326,2.01388881950558
978,2021-10-14,sell,17018.578144,17044.350852,25.77270800000042,Swing_SL,LOSS,16992.805436,LOSS,16979.919082,LOSS,16967.032728,LOSS,16954.146373999996,LOSS,16983.784988500003,1.3499999883595992,LOSS,16955.291828,2.455555543484094
980,2021-10-18,buy,17280.600675,17226.191625,54.409050000002026,Swing_SL,NO_TOUCH,17335.009725000004,NO_TOUCH,17362.214250000005,NO_TOUCH,17389.418775000006,NO_TOUCH,17416.623300000007,NO_TOUCH,17298.64157,0.33157893769506364,NO_TOUCH,17323.841551,0.7947368314645861
983,2021-10-21,buy,17587.009536,17526.586854,60.42268200000035,Swing_SL,NO_TOUCH,17647.432218,NO_TOUCH,17677.643559000004,NO_TOUCH,17707.854900000002,NO_TOUCH,17738.066241,WIN,17568.6822765,0.30331754389852417,NO_TOUCH,17602.186797,0.2511848282404445
994,2021-11-05,buy,18702.96779,18673.185994,29.781795999999304,Swing_SL,WIN,18732.749585999998,WIN,18747.640483999996,WIN,18762.531381999997,WIN,18777.42228,WIN,18704.542788500003,0.05288460440746739,WIN,18724.158683,0.711538451207012
1002,2021-11-17,sell,18675.190538,18708.122331,32.93179299999974,Swing_SL,NO_TOUCH,18642.258745,NO_TOUCH,18625.7928485,NO_TOUCH,18609.326952,NO_TOUCH,18592.861055499998,NO_TOUCH,18662.590547,0.3826087149278278,NO_TOUCH,18640.2542,1.0608695979596312
1003,2021-11-18,sell,18757.37684,18769.690467,12.313626999999542,Swing_SL,LOSS,18745.063213,LOSS,18738.906399500003,LOSS,18732.749586,LOSS,18726.5927725,LOSS,18720.2927765,3.01162797119026,LOSS,18703.540516,4.372093129018922
1005,2021-11-22,sell,19038.872083,19054.622071,15.749988000003214,Swing_SL,LOSS,19023.122094999995,LOSS,19015.247100999994,LOSS,19007.372106999992,LOSS,18999.49711299999,WIN,19036.581176,0.14545452352079438,LOSS,19021.690278,1.0909090851368688
1006,2021-11-23,buy,18688.649619,18641.113291,47.53632799999832,Swing_SL,NO_TOUCH,18736.185946999998,NO_TOUCH,18759.954111,NO_TOUCH,18783.722274999996,NO_TOUCH,18807.490438999994,NO_TOUCH,18744.490486,1.1746987903651487,NO_TOUCH,18796.035902,2.2590361417904137
1013,2021-12-02,buy,18265.690845,18218.154517,47.53632800000196,Swing_SL,WIN,18313.227173000003,LOSS,18336.995337000004,LOSS,18360.763501000005,LOSS,18384.531665000006,WIN,18269.986296,0.09036143893987691,WIN,18313.513536,1.0060240875146185
1023,2021-12-16,sell,18753.654115,18800.04499,46.39087499999732,Swing_SL,LOSS,18707.263240000004,LOSS,18684.067802500005,LOSS,18660.872365000007,LOSS,18637.676927500008,LOSS,18702.9677895,1.0925925734318547,LOSS,18644.836015,2.3456789724273728
1025,2021-12-20,buy,17846.168432,17777.154848,69.01358400000026,Swing_SL,LOSS,17915.182016,LOSS,17949.688808,LOSS,17984.1956,LOSS,18018.702392,LOSS,17923.6297375,1.122406648233203,LOSS,18021.422846,2.539419109142369
1027,2021-12-22,buy,18252.804491,18191.522719,61.281771999998455,Swing_SL,NO_TOUCH,18314.086262999997,NO_TOUCH,18344.727149,NO_TOUCH,18375.368034999996,NO_TOUCH,18406.008920999993,WIN,18268.984024,0.26401868731868056,NO_TOUCH,18300.627182,0.7803738279631082
1028,2021-12-23,buy,18533.440644,18493.636128,39.80451600000015,Swing_SL,NO_TOUCH,18573.24516,NO_TOUCH,18593.147418,NO_TOUCH,18613.049676,NO_TOUCH,18632.951933999997,WIN,18529.2883745,0.10431654287665487,WIN,18544.895181,0.2877697847149151
1029,2021-12-27,buy,18704.68597,18679.199626,25.48634399999719,Swing_SL,NO_TOUCH,18730.172313999996,NO_TOUCH,18742.915485999994,NO_TOUCH,18755.658657999993,NO_TOUCH,18768.40182999999,WIN,18707.120059,0.09550561665503692,NO_TOUCH,18727.881407,0.9101123723357375
1031,2021-12-29,sell,18953.822147,18971.576679,17.754532000002655,Swing_SL,NO_TOUCH,18936.067614999996,NO_TOUCH,18927.190348999997,NO_TOUCH,18918.313082999994,NO_TOUCH,18909.43581699999,NO_TOUCH,18930.053983,1.338709688320356,NO_TOUCH,18897.98128,3.145161303040296
1038,2022-01-07,buy,18016.268305,17945.250176,71.01812900000004,Swing_SL,WIN,18087.286434,NO_TOUCH,18122.795498500003,NO_TOUCH,18158.304563,NO_TOUCH,18193.8136275,WIN,18105.613692,1.2580645006854168,NO_TOUCH,18158.590925,2.004032238021913
1042,2022-01-13,sell,18195.81817,18234.190868,38.372698000002856,Swing_SL,LOSS,18157.445471999996,LOSS,18138.259122999996,LOSS,18119.072773999993,LOSS,18099.88642499999,LOSS,18164.8909205,0.8059701587830632,LOSS,18121.077317,1.947761218145093
1043,2022-01-14,sell,17746.513962,17802.354829,55.84086699999898,Swing_SL,NO_TOUCH,17690.673095000002,NO_TOUCH,17662.752661500002,NO_TOUCH,17634.832228000003,NO_TOUCH,17606.911794500003,WIN,17723.318524000002,0.41538463219060073,NO_TOUCH,17656.02312,1.6205128405330973
1048,2022-01-21,sell,16880.837338,16943.264564,62.42722599999979,Swing_SL,LOSS,16818.410112,LOSS,16787.196499,LOSS,16755.982886,LOSS,16724.769273,LOSS,16807.0987575,1.181192649822395,LOSS,16726.201091,2.477064205928399
1050,2022-01-25,buy,16318.133215,16227.642374,90.49084100000073,Swing_SL,WIN,16408.624056,WIN,16453.8694765,NO_TOUCH,16499.114897,NO_TOUCH,16544.360317500003,WIN,16363.092272000002,0.4968354421637156,WIN,16458.451291,1.5506329088045525
1055,2022-02-01,sell,17083.869004,17141.714415,57.84541099999842,Swing_SL,WIN,17026.023593,NO_TOUCH,16997.100887500004,NO_TOUCH,16968.178182000003,NO_TOUCH,16939.255476500002,WIN,17018.1485985,1.1361386212642173,NO_TOUCH,16973.332723,1.9108910990364234
1073,2022-02-25,buy,15853.365382,15761.729087,91.63629500000025,Swing_SL,WIN,15945.001677,NO_TOUCH,15990.8198245,NO_TOUCH,16036.637972,NO_TOUCH,16082.4561195,WIN,15879.424453,0.2843749957372197,WIN,15943.856223,0.9874999965897845
1076,2022-03-02,buy,16050.097052,15969.056204,81.04084799999873,Swing_SL,WIN,16131.137899999998,WIN,16171.658323999996,NO_TOUCH,16212.178747999997,NO_TOUCH,16252.699171999997,WIN,16074.867488,0.3056537118170467,WIN,16145.169708,1.1731448812085699
1078,2022-03-04,sell,16023.465254,16105.365193,81.899938999999,Swing_SL,WIN,15941.565315000002,NO_TOUCH,15900.615345500002,NO_TOUCH,15859.665376000003,NO_TOUCH,15818.715406500003,NO_TOUCH,15886.153993,1.6765734221121023,NO_TOUCH,15744.547281,3.4055943924452112
1082,2022-03-10,buy,15691.570048,15564.711053,126.85899499999869,Swing_SL,LOSS,15818.429042999998,LOSS,15881.858540499998,LOSS,15945.288037999997,LOSS,16008.717535499996,LOSS,15711.472306,0.15688487836436257,LOSS,15766.024538,0.5869074557937405
1083,2022-03-11,sell,15551.824699,15593.920122,42.095422999998846,Swing_SL,LOSS,15509.729276000002,LOSS,15488.681564500002,LOSS,15467.633853000003,LOSS,15446.586141500004,LOSS,15494.265651,1.36734694410845,LOSS,15410.933895,3.3469387871456817
1085,2022-03-15,buy,14931.847891,14840.784323,91.06356799999958,Swing_SL,LOSS,15022.911458999999,LOSS,15068.443242999998,LOSS,15113.975026999999,LOSS,15159.506811,LOSS,15002.150111,0.7720125791688914,LOSS,15055.270526,1.3553459161626675
1086,2022-03-16,sell,15570.151958,15608.81102,38.65906199999881,Swing_SL,LOSS,15531.492896000002,LOSS,15512.163365000002,LOSS,15492.833834000003,LOSS,15473.504303000003,LOSS,15470.6406685,2.5740740812594796,LOSS,15368.838472,5.207407412006197
1087,2022-03-17,sell,16012.583444,16061.837952,49.25450799999999,Swing_SL,WIN,15963.328936,WIN,15938.701681999999,NO_TOUCH,15914.074428,NO_TOUCH,15889.447174,WIN,15975.928926,0.7441860550104242,WIN,15921.806239,1.8430232822546992
1092,2022-03-24,sell,16625.401166,16664.060228,38.65906199999881,Swing_SL,LOSS,16586.742104,LOSS,16567.412573,LOSS,16548.083042000002,LOSS,16528.753511000003,LOSS,16605.0693635,0.5259259135672097,LOSS,16549.801223,1.955555543484304
1094,2022-03-28,sell,16845.901001,16882.269155,36.368154000003415,Swing_SL,NO_TOUCH,16809.532846999995,NO_TOUCH,16791.348769999993,NO_TOUCH,16773.16469299999,NO_TOUCH,16754.98061599999,WIN,16834.0169185,0.32677167227118276,NO_TOUCH,16797.505582,1.330708701904205
1095,2022-03-29,sell,17191.828014,17228.482532,36.65451800000301,Swing_SL,LOSS,17155.173495999996,LOSS,17136.846236999994,LOSS,17118.518977999993,LOSS,17100.19171899999,LOSS,17172.498483000003,0.5273437506392576,LOSS,17131.978059,1.6328124953107541
1097,2022-03-31,sell,17349.041532,17388.846048,39.80451600000015,Swing_SL,NO_TOUCH,17309.237016,NO_TOUCH,17289.334757999997,NO_TOUCH,17269.4325,NO_TOUCH,17249.530242,WIN,17334.866543,0.3561150950811494,NO_TOUCH,17296.350663,1.3237409795410653
1098,2022-04-01,sell,17096.182631,17127.682608,31.49997699999949,Swing_SL,NO_TOUCH,17064.682654,NO_TOUCH,17048.9326655,NO_TOUCH,17033.182677,NO_TOUCH,17017.4326885,WIN,17075.421283,0.6590908939393935,NO_TOUCH,17039.19631,1.809090876479092
1100,2022-04-05,sell,17372.523333,17408.605124,36.08179100000052,Swing_SL,WIN,17336.441542,NO_TOUCH,17318.4006465,NO_TOUCH,17300.359751,NO_TOUCH,17282.3188555,WIN,17358.9210705,0.3769841275340326,WIN,17347.323352,0.6984126979728142
1103,2022-04-08,sell,16714.173827,16751.687435,37.51360800000111,Swing_SL,WIN,16676.660218999998,NO_TOUCH,16657.903414999997,NO_TOUCH,16639.146610999996,NO_TOUCH,16620.389806999996,NO_TOUCH,16662.9147745,1.366412222999085,NO_TOUCH,16629.410254,2.2595420040641696
1104,2022-04-11,buy,16379.987714,16253.128718,126.85899600000084,Swing_SL,LOSS,16506.84671,LOSS,16570.276208000003,LOSS,16633.705706,LOSS,16697.135204000002,WIN,16328.1559345,0.40857787886008434,LOSS,16394.878612,0.11738149023345221
1110,2022-04-20,sell,16135.719715,16196.142397,60.42268200000035,Swing_SL,LOSS,16075.297032999999,LOSS,16045.085691999999,LOSS,16014.874350999999,LOSS,15984.663009999998,WIN,16132.426536,0.05450236386392776,LOSS,16084.747026,0.8436018944011766
1112,2022-04-22,sell,15673.815516,15762.01545,88.19993400000021,Swing_SL,NO_TOUCH,15585.615582,NO_TOUCH,15541.515615,NO_TOUCH,15497.415648,NO_TOUCH,15453.315681,WIN,15665.2246135,0.09740259556203368,NO_TOUCH,15592.201941,0.9253246720116709
1114,2022-04-26,buy,15460.188404,15386.020278,74.16812600000048,Swing_SL,NO_TOUCH,15534.356530000001,NO_TOUCH,15571.440593000001,NO_TOUCH,15608.524656000001,NO_TOUCH,15645.608719000002,NO_TOUCH,15516.029271,0.7528957520107575,NO_TOUCH,15559.556511,1.3397683392998172
1120,2022-05-04,buy,15038.661447,14982.82058,55.8408670000008,Swing_SL,NO_TOUCH,15094.502314000001,NO_TOUCH,15122.4227475,NO_TOUCH,15150.343181000002,NO_TOUCH,15178.263614500003,WIN,15024.6296395,0.2512820493994006,NO_TOUCH,15057.561433,0.3384615428696708
1122,2022-05-06,buy,14665.243545,14602.243593,62.99995200000012,Swing_SL,WIN,14728.243497,NO_TOUCH,14759.743472999999,NO_TOUCH,14791.243449,NO_TOUCH,14822.743425,WIN,14702.613972,0.5931818329004404,NO_TOUCH,14764.325289,1.572727293506522
1123,2022-05-09,sell,14393.771022,14460.207336,66.43631399999867,Swing_SL,WIN,14327.334708000002,WIN,14294.116551000003,WIN,14260.898394000003,NO_TOUCH,14227.680237000004,WIN,14383.0323935,0.1616379334350391,WIN,14328.480162,0.9827586160183763
1127,2022-05-13,sell,13896.071395,13951.912262,55.84086699999898,Swing_SL,NO_TOUCH,13840.230528000002,NO_TOUCH,13812.310094500002,NO_TOUCH,13784.389661000003,NO_TOUCH,13756.469227500003,NO_TOUCH,13833.930533,1.1128205083205698,NO_TOUCH,13753.176048,2.558974361913186
1128,2022-05-16,buy,14063.02127,14009.184947,53.83632299999954,Swing_SL,WIN,14116.857592999999,WIN,14143.775754499999,NO_TOUCH,14170.693915999998,NO_TOUCH,14197.612077499998,WIN,14150.9348405,1.6329787325928917,NO_TOUCH,14285.812012,4.138297892298532
1133,2022-05-23,sell,13695.903363,13787.253295,91.34993200000099,Swing_SL,WIN,13604.553430999998,NO_TOUCH,13558.878464999998,NO_TOUCH,13513.203498999997,NO_TOUCH,13467.528532999997,WIN,13717.810165,0.23981191359837134,WIN,13662.97157,0.36050156008872986
1134,2022-05-24,buy,13519.217132,13465.667173,53.549958999999944,Swing_SL,NO_TOUCH,13572.767091,NO_TOUCH,13599.5420705,NO_TOUCH,13626.31705,NO_TOUCH,13653.0920295,NO_TOUCH,13572.9102735,1.0026738115709848,NO_TOUCH,13628.607959,2.042780779720134
1141,2022-06-02,sell,14428.134632,14467.939148,39.80451600000015,Swing_SL,LOSS,14388.330116,LOSS,14368.427858,LOSS,14348.525599999999,LOSS,14328.623341999999,LOSS,14366.423315,1.5503596878303731,LOSS,14311.298356,2.935251768919877
1145,2022-06-08,buy,14491.993675,14460.493699,31.49997599999915,Swing_SL,WIN,14523.493650999999,WIN,14539.243638999998,NO_TOUCH,14554.993626999998,NO_TOUCH,14570.743614999998,WIN,14517.7663835,0.8181818455989073,NO_TOUCH,14560.14817,2.163636410389726
1147,2022-06-10,buy,14104.830329,14043.262194,61.56813499999953,Swing_SL,NO_TOUCH,14166.398464,NO_TOUCH,14197.182531499999,NO_TOUCH,14227.966599,NO_TOUCH,14258.7506665,WIN,14088.793978,0.26046510910231035,NO_TOUCH,14131.462128,0.4325581569102112
1149,2022-06-14,sell,13093.263692,13164.973945,71.71025299999928,Swing_SL,NO_TOUCH,13021.553439000001,NO_TOUCH,12985.6983125,NO_TOUCH,12949.843186000002,NO_TOUCH,12913.988059500003,WIN,13069.5507395,0.3306772951979442,NO_TOUCH,12976.698818,1.6254980163018091
1159,2022-06-28,sell,13843.221518,13900.64686,57.425342000000455,Swing_SL,WIN,13785.796176,NO_TOUCH,13757.083504999999,NO_TOUCH,13728.370834,NO_TOUCH,13699.658163,NO_TOUCH,13751.6552385,1.5945273691186728,NO_TOUCH,13680.373533,2.835820899421009
1172,2022-07-15,buy,13490.669915,13443.529709,47.140206000000035,Swing_SL,WIN,13537.810121,NO_TOUCH,13561.380224,NO_TOUCH,13584.950327,NO_TOUCH,13608.52043,WIN,13525.5250975,0.7393939368869002,NO_TOUCH,13562.665866,1.5272727276584008
1175,2022-07-20,buy,14076.351265,14028.92536,47.42590500000006,Swing_SL,NO_TOUCH,14123.77717,NO_TOUCH,14147.4901225,NO_TOUCH,14171.203075,NO_TOUCH,14194.9160275,NO_TOUCH,14088.779137,0.2620481781001373,NO_TOUCH,14123.205772,0.9879517744574395
1177,2022-07-22,sell,14328.051396,14371.763223,43.711826999999175,Swing_SL,LOSS,14284.339569000002,LOSS,14262.483655500002,LOSS,14240.627742000002,LOSS,14218.771828500003,WIN,14338.1936825,0.2320261402022565,LOSS,14311.480899,0.37908497853454914
1179,2022-07-26,sell,14071.780093,14093.207459,21.427365999999893,Swing_SL,LOSS,14050.352727,LOSS,14039.639044,LOSS,14028.925361,LOSS,14018.211678,LOSS,14054.6382,0.8000000093338615,LOSS,14030.068153,1.946666706491103
1182,2022-07-29,sell,14746.884985,14787.739831,40.85484600000018,Swing_SL,WIN,14706.030139,NO_TOUCH,14685.602716000001,NO_TOUCH,14665.175293,NO_TOUCH,14644.74787,WIN,14744.599399,0.05594406107906897,WIN,14718.600861,0.6923076885420072
1183,2022-08-01,sell,14782.311564,14818.595238,36.28367400000025,Swing_SL,NO_TOUCH,14746.02789,NO_TOUCH,14727.886052999998,NO_TOUCH,14709.744216,NO_TOUCH,14691.602379,WIN,14764.741124,0.484251953096023,NO_TOUCH,14745.456494,1.015748019343338
1188,2022-08-08,sell,15180.574882,15202.859343,22.284460999999283,Swing_SL,WIN,15158.290421000002,NO_TOUCH,15147.148190500002,NO_TOUCH,15136.005960000002,NO_TOUCH,15124.863729500003,NO_TOUCH,15108.436082,3.2371794857413403,NO_TOUCH,15057.724648,5.51282052547761
1191,2022-08-11,sell,15374.563973,15396.277038,21.713064999999915,Swing_SL,WIN,15352.850908,WIN,15341.9943755,WIN,15331.137843,WIN,15320.2813105,WIN,15345.422755,1.3421052255865662,WIN,15311.424667,2.9078946707892777
1195,2022-08-17,buy,15579.695294,15539.697544,39.99774999999863,Swing_SL,LOSS,15619.693043999998,LOSS,15639.691918999997,LOSS,15659.690793999996,LOSS,15679.689668999996,LOSS,15604.693889,0.6250000312518026,LOSS,15624.264217,1.1142857535736947
1201,2022-08-25,sell,14929.160449,14940.016981,10.856531999999788,Swing_SL,WIN,14918.303917000001,WIN,14912.875651000002,WIN,14907.447385000001,WIN,14902.019119,NO_TOUCH,14810.452839,10.934210851126641,NO_TOUCH,14770.597937,14.605263632991043
1203,2022-08-29,sell,14247.484498,14323.765922,76.2814240000007,Swing_SL,NO_TOUCH,14171.203074,NO_TOUCH,14133.062361999999,NO_TOUCH,14094.921649999998,NO_TOUCH,14056.780937999998,NO_TOUCH,14224.200093,0.30524344957168237,NO_TOUCH,14172.345866,0.9850187379826504
1213,2022-09-12,sell,14441.116878,14478.034702,36.91782400000011,Swing_SL,LOSS,14404.199054,LOSS,14385.740142,LOSS,14367.28123,LOSS,14348.822318,LOSS,14401.904385500002,1.0621561146182072,LOSS,14368.620543,1.9637217784016632
1214,2022-09-13,sell,14622.582183,14645.300844,22.718660999998974,Swing_SL,NO_TOUCH,14599.863522000001,NO_TOUCH,14588.504191500002,NO_TOUCH,14577.144861000002,NO_TOUCH,14565.785530500003,NO_TOUCH,14580.55266,1.850000006602632,NO_TOUCH,14558.969932,2.8000000088034827
1223,2022-09-26,sell,12858.762138,12974.343326,115.58118800000011,Swing_SL,NO_TOUCH,12743.18095,NO_TOUCH,12685.390356,NO_TOUCH,12627.599762,NO_TOUCH,12569.809168,WIN,12860.608029,0.015970514163609787,NO_TOUCH,12794.865904,0.5528255515075667
1224,2022-09-27,sell,13000.753769,13076.009334,75.25556499999948,Swing_SL,NO_TOUCH,12925.498204000001,NO_TOUCH,12887.870421500002,NO_TOUCH,12850.242639000002,NO_TOUCH,12812.614856500002,NO_TOUCH,12932.455794,0.9075471694352675,NO_TOUCH,12889.716313,1.4754716943524482
1226,2022-09-29,buy,12938.561435,12904.19946,34.3619749999998,Swing_SL,WIN,12972.92341,WIN,12990.1043975,WIN,13007.285385,WIN,13024.4663725,NO_TOUCH,13091.9123965,4.462809879234274,NO_TOUCH,13139.621585,5.8512396333447745
1227,2022-09-30,sell,12834.62356,12893.976062,59.35250199999973,Swing_SL,NO_TOUCH,12775.271058,NO_TOUCH,12745.594807000001,NO_TOUCH,12715.918556,NO_TOUCH,12686.242305,NO_TOUCH,12751.8424395,1.3947368301339713,NO_TOUCH,12699.731511,2.2727272558787943
1231,2022-10-06,buy,13219.136898,13183.63899,35.49790800000119,Swing_SL,LOSS,13254.634806000002,LOSS,13272.383760000002,LOSS,13290.132714000003,LOSS,13307.881668000004,LOSS,13289.138771999998,1.971999983773563,LOSS,13324.210705,2.95999998084381
1232,2022-10-07,buy,13060.390254,13030.855995,29.53425900000002,Swing_SL,WIN,13089.924513,NO_TOUCH,13104.6916425,NO_TOUCH,13119.458772,NO_TOUCH,13134.2259015,NO_TOUCH,13097.45007,1.254807713306802,NO_TOUCH,13136.497769,2.5769231251070033
1234,2022-10-11,buy,12404.672901,12328.565386,76.1075149999997,Swing_SL,NO_TOUCH,12480.780416,NO_TOUCH,12518.8341735,NO_TOUCH,12556.887931,NO_TOUCH,12594.9416885,NO_TOUCH,12462.605486,0.7611940161231214,NO_TOUCH,12528.489603,1.6268656518347837
1235,2022-10-12,sell,12379.114407,12436.763009,57.64860200000112,Swing_SL,LOSS,12321.465804999998,LOSS,12292.641503999997,LOSS,12263.817202999997,LOSS,12234.992901999996,WIN,12366.4771515,0.21921182928251348,LOSS,12308.970541,1.216748777359721
1240,2022-10-19,buy,12783.22259,12724.722038,58.500551999999516,Swing_SL,LOSS,12841.723141999999,LOSS,12870.973417999998,LOSS,12900.223693999998,LOSS,12929.47397,LOSS,12867.423627,1.4393203845324642,LOSS,12924.078288,2.4077669899593834
1242,2022-10-21,sell,12514.574423,12593.237787,78.663364,Swing_SL,NO_TOUCH,12435.911059,NO_TOUCH,12396.579377,NO_TOUCH,12357.247695,NO_TOUCH,12317.916013,WIN,12520.6800635,0.07761733276496967,WIN,12475.384733,0.4981949411672662
1246,2022-10-27,buy,13018.076748,12987.974522,30.102225999999064,Swing_SL,LOSS,13048.178973999999,LOSS,13063.230086999998,LOSS,13078.281199999998,LOSS,13093.332312999997,LOSS,13062.66212,1.4811320598019149,LOSS,13105.827576,2.9150943189385035
1247,2022-10-28,buy,12614.252548,12565.691411,48.5611370000006,Swing_SL,NO_TOUCH,12662.813685000001,NO_TOUCH,12687.094253500001,NO_TOUCH,12711.374822000002,NO_TOUCH,12735.655390500002,NO_TOUCH,12660.967795,0.9619883282386801,NO_TOUCH,12709.954908,1.9707602810040905
1249,2022-11-01,sell,13090.208497,13119.17479,28.966292999999496,Swing_SL,LOSS,13061.242204,LOSS,13046.7590575,LOSS,13032.275911,LOSS,13017.792764500002,LOSS,13056.55648,1.1617647104515902,LOSS,13021.484547,2.372549017577113
1257,2022-11-11,sell,13332.44622,13378.167525,45.72130500000094,Swing_SL,WIN,13286.724914999999,NO_TOUCH,13263.8642625,NO_TOUCH,13241.003609999998,NO_TOUCH,13218.142957499997,NO_TOUCH,13270.821852,1.3478260955149775,NO_TOUCH,13199.826036,2.9006211436877556
1262,2022-11-18,buy,13285.872965,13258.894555,26.978409999999712,Swing_SL,WIN,13312.851375,WIN,13326.34058,WIN,13339.829785,WIN,13353.31899,WIN,13310.1535335,0.8999999814666824,WIN,13346.929366,2.263157873277205
1264,2022-11-22,buy,13141.893451,13093.332313,48.56113799999912,Swing_SL,WIN,13190.454588999999,NO_TOUCH,13214.735158,NO_TOUCH,13239.015726999998,NO_TOUCH,13263.296295999997,WIN,13175.687459,0.6959064262456405,NO_TOUCH,13206.357651,1.327485364943497
1268,2022-11-28,sell,13284.737032,13323.642739,38.90570699999989,Swing_SL,WIN,13245.831325000001,WIN,13226.3784715,NO_TOUCH,13206.925618000001,NO_TOUCH,13187.472764500002,WIN,13268.833969,0.4087591314045934,WIN,13241.571576,1.1094890525958248
1269,2022-11-29,sell,13259.746505,13295.528396,35.78189100000054,Swing_SL,NO_TOUCH,13223.964613999999,NO_TOUCH,13206.073668499997,NO_TOUCH,13188.182722999998,NO_TOUCH,13170.291777499999,WIN,13236.175894,0.6587301660496041,NO_TOUCH,13198.122137,1.722222226880014
1274,2022-12-06,buy,13431.556379,13382.995241,48.56113799999912,Swing_SL,NO_TOUCH,13480.117516999999,NO_TOUCH,13504.398085999997,NO_TOUCH,13528.678654999998,NO_TOUCH,13552.959223999998,WIN,13422.3269225,0.19005848874463063,NO_TOUCH,13453.991056,0.461988287836284
1275,2022-12-07,buy,13127.694288,13109.803342,17.89094600000135,Swing_SL,WIN,13145.585234000002,LOSS,13154.530707000002,LOSS,13163.476180000003,LOSS,13172.421653000005,LOSS,13148.5670575,1.1666666200880715,LOSS,13172.27966,2.4920634157632686
1278,2022-12-12,sell,13134.793869,13152.968798,18.174929000000702,Swing_SL,LOSS,13116.618939999998,LOSS,13107.531475499998,LOSS,13098.444010999998,LOSS,13089.356546499997,LOSS,13112.3591915,1.234374973349199,LOSS,13089.072564,2.515624957874518
1285,2022-12-21,buy,12638.61207,12595.592033,43.02003699999841,Swing_SL,NO_TOUCH,12681.632106999998,NO_TOUCH,12703.142125499997,NO_TOUCH,12724.652143999996,NO_TOUCH,12746.162162499995,WIN,12636.081479,0.05882354308525851,NO_TOUCH,12668.416801,0.6928104455140583
1293,2023-01-04,sell,12375.99302,12429.416595,53.42357500000071,Swing_SL,NO_TOUCH,12322.569445,NO_TOUCH,12295.857657499999,NO_TOUCH,12269.145869999998,NO_TOUCH,12242.434082499998,NO_TOUCH,12336.4876915,0.7394736967714894,NO_TOUCH,12313.852966,1.1631579129625578
1294,2023-01-05,buy,12344.220051,12294.451773,49.768277999999555,Swing_SL,NO_TOUCH,12393.988329,NO_TOUCH,12418.872468,NO_TOUCH,12443.756607,NO_TOUCH,12468.640746,WIN,12332.270041,0.24011298924187374,WIN,12366.995365,0.45762712545530787
1297,2023-01-10,sell,12559.03906,12592.780265,33.741205000000264,Swing_SL,LOSS,12525.297854999999,LOSS,12508.427252499998,LOSS,12491.556649999999,LOSS,12474.6860475,LOSS,12542.730811,0.4833333308635414,LOSS,12512.363726,1.3833333456822068
1298,2023-01-11,buy,12671.228568,12646.203841,25.024726999999984,Swing_SL,WIN,12696.253295,WIN,12708.7656585,WIN,12721.278022,WIN,12733.7903855,WIN,12688.520936,0.6910112545883262,WIN,12705.813304,1.3820225091765799
1300,2023-01-13,sell,12949.874691,12965.620587,15.745895999998538,Swing_SL,LOSS,12934.128795000002,LOSS,12926.255847000004,LOSS,12918.382899000004,LOSS,12910.509951000004,LOSS,12933.70703,1.0267857097495638,LOSS,12902.07465,3.0357142584966175
1305,2023-01-20,sell,12812.660455,12852.025195,39.36474000000089,Swing_SL,NO_TOUCH,12773.295714999998,NO_TOUCH,12753.613344999998,NO_TOUCH,12733.930974999997,NO_TOUCH,12714.248604999997,WIN,12820.6739915,0.20357143220050158,WIN,12809.005158,0.0928571355989968
1306,2023-01-23,sell,13134.045438,13166.099583,32.05414500000006,Swing_SL,NO_TOUCH,13101.991293,NO_TOUCH,13085.964220499998,NO_TOUCH,13069.937147999999,NO_TOUCH,13053.9100755,WIN,13124.4854295,0.29824562470777843,WIN,13109.301887,0.7719298393390159
1307,2023-01-24,buy,13408.47391,13392.16566,16.308250000000044,Swing_SL,LOSS,13424.78216,LOSS,13432.936285,LOSS,13441.09041,LOSS,13449.244535000002,LOSS,13416.065681,0.4655172075482903,LOSS,13434.342167,1.5862067971732108
1308,2023-01-25,sell,13306.125586,13336.773848,30.648262000000614,Swing_SL,WIN,13275.477324,WIN,13260.153192999998,WIN,13244.829061999999,WIN,13229.504931,WIN,13292.347927,0.44954128230824725,WIN,13269.572613,1.1926605495606604
1309,2023-01-26,sell,13434.060991,13454.868067,20.807075999999142,Swing_SL,WIN,13413.253915000001,WIN,13402.850377000002,NO_TOUCH,13392.446839000002,NO_TOUCH,13382.043301000002,WIN,13404.2562585,1.432432529203138,NO_TOUCH,13360.673868,3.52702719978547
1311,2023-01-30,buy,13615.982324,13590.957596,25.024728000000323,Swing_SL,LOSS,13641.007052,LOSS,13653.519416000001,LOSS,13666.031780000001,LOSS,13678.544144000001,LOSS,13700.897691,3.3932583403103727,LOSS,13732.951836,4.674157177652367
1313,2023-02-01,sell,13640.725875,13662.938835,22.21296000000075,Swing_SL,WIN,13618.512915,NO_TOUCH,13607.406434999999,NO_TOUCH,13596.299954999999,NO_TOUCH,13585.193474999998,NO_TOUCH,13611.061731,1.3354430926809981,NO_TOUCH,13591.801126,2.2025317202209047
1317,2023-02-07,buy,14091.170969,14031.280329,59.89064000000144,Swing_SL,NO_TOUCH,14151.061609000002,NO_TOUCH,14181.006929000003,NO_TOUCH,14210.952249000004,NO_TOUCH,14240.897569000004,WIN,14112.5403985,0.35680749946900125,WIN,14133.628652,0.7089201751725762
1318,2023-02-08,buy,14360.257083,14302.897034,57.3600490000008,Swing_SL,NO_TOUCH,14417.617132000001,NO_TOUCH,14446.2971565,NO_TOUCH,14474.977181000002,NO_TOUCH,14503.657205500003,NO_TOUCH,14373.753565,0.23529411559603586,NO_TOUCH,14405.80771,0.7941176444950052
1320,2023-02-10,sell,13953.394379,13998.382653,44.988274000001184,Swing_SL,WIN,13908.406104999998,WIN,13885.911967999997,WIN,13863.417830999997,WIN,13840.923693999997,WIN,13949.457905,0.08750000055570004,WIN,13921.902587,0.7000000044455599
1324,2023-02-16,buy,14342.54295,14331.295882,11.247067999998762,Swing_SL,LOSS,14353.790017999998,LOSS,14359.413551999998,LOSS,14365.037085999997,LOSS,14370.660619999995,LOSS,14362.647085,1.78750008446678,LOSS,14388.093578,4.050000231171882
1325,2023-02-17,buy,13921.340234,13876.633137,44.70709699999861,Swing_SL,NO_TOUCH,13966.047330999998,NO_TOUCH,13988.400879499997,NO_TOUCH,14010.754427999997,NO_TOUCH,14033.107976499996,NO_TOUCH,13962.8137995,0.9276729710274343,NO_TOUCH,14002.037951,1.8050314696121608
1329,2023-02-23,sell,13680.371791,13750.947146,70.57535500000085,Swing_SL,NO_TOUCH,13609.796435999999,NO_TOUCH,13574.508758499998,NO_TOUCH,13539.221080999998,NO_TOUCH,13503.933403499997,WIN,13708.7706395,0.4023904449364874,WIN,13681.777675,0.019920324878277555
1331,2023-02-27,sell,13560.028158,13578.585821,18.557663000001412,Swing_SL,LOSS,13541.470494999998,LOSS,13532.191663499998,LOSS,13522.912831999996,LOSS,13513.634000499995,LOSS,13526.568129,1.8030303169099096,LOSS,13503.792815,3.030303061328045
1338,2023-03-08,sell,13690.775329,13711.863583,21.088254000000234,Swing_SL,LOSS,13669.687075,LOSS,13659.142948,LOSS,13648.598821,LOSS,13638.054693999999,WIN,13677.981789,0.6066666306276676,LOSS,13652.535296,1.8133332897071335
1341,2023-03-13,sell,13508.853996,13591.238773,82.3847769999993,Swing_SL,WIN,13426.469219,WIN,13385.2768305,WIN,13344.084442000001,NO_TOUCH,13302.892053500002,WIN,13510.822233,0.023890785065801303,WIN,13440.246878,0.8327645045394791
1345,2023-03-17,sell,14178.225756,14214.129159,35.90340300000025,Swing_SL,NO_TOUCH,14142.322353,NO_TOUCH,14124.3706515,NO_TOUCH,14106.41895,NO_TOUCH,14088.4672485,WIN,14165.840474,0.34496122832699705,NO_TOUCH,14140.930749,1.0387596685473062
1346,2023-03-20,buy,14017.91289,13973.93818,43.974710000000414,Swing_SL,LOSS,14061.8876,LOSS,14083.874955,LOSS,14105.86231,LOSS,14127.849665000002,LOSS,14118.247592,2.2816455640071114,LOSS,14169.319486,3.44303796432084
1347,2023-03-21,sell,14152.341908,14185.740422,33.39851400000043,Swing_SL,NO_TOUCH,14118.943394,NO_TOUCH,14102.244137,NO_TOUCH,14085.54488,NO_TOUCH,14068.845623,WIN,14146.6363285,0.17083333408185716,NO_TOUCH,14112.542012,1.1916666711578823
1350,2023-03-24,sell,14299.017048,14383.904937,84.88788899999963,Swing_SL,NO_TOUCH,14214.129159,NO_TOUCH,14171.685214500001,NO_TOUCH,14129.24127,NO_TOUCH,14086.7973255,WIN,14310.845688,0.13934425910862,WIN,14274.803125,0.2852459082826226
1353,2023-03-29,sell,14291.780703,14312.933095,21.152391999999963,Swing_SL,NO_TOUCH,14270.628311,NO_TOUCH,14260.052115,NO_TOUCH,14249.475919,NO_TOUCH,14238.899723,NO_TOUCH,14235.838193,2.6447368221996292,NO_TOUCH,14203.831284,4.157894719424671
1355,2023-03-31,buy,14578.172959,14562.030344,16.14261499999884,Swing_SL,LOSS,14594.315573999998,LOSS,14602.386881499999,LOSS,14610.458188999997,LOSS,14618.529496499996,LOSS,14601.969400499998,1.4741379572021307,LOSS,14627.157446,3.0344827650292863
1359,2023-04-06,sell,14533.084966,14561.473702,28.38873599999897,Swing_SL,WIN,14504.696230000001,WIN,14490.501862000001,NO_TOUCH,14476.307494000002,NO_TOUCH,14462.113126000004,WIN,14517.2206715,0.5588235594568784,WIN,14492.450107,1.4313726049656192
1363,2023-04-12,buy,14535.033212,14515.550746,19.482465999999476,Swing_SL,WIN,14554.515678,WIN,14564.256911,WIN,14573.998144,NO_TOUCH,14583.739376999998,WIN,14561.8911835,1.3785714549688086,WIN,14577.059675,2.157142889406366
1366,2023-04-17,sell,14700.634177,14715.385187,14.751009999999951,Swing_SL,WIN,14685.883167,WIN,14678.507662,WIN,14671.132157,WIN,14663.756652,WIN,14678.9251425,1.4716981752435772,WIN,14666.4007,2.3207547822149044
1368,2023-04-19,buy,14620.477743,14595.9855,24.49224299999878,Swing_SL,LOSS,14644.969985999998,LOSS,14657.216107499997,LOSS,14669.462228999997,LOSS,14681.708350499997,LOSS,14663.3391695,1.75000005103664,LOSS,14680.595068,2.4545455065101254
1370,2023-04-21,buy,14562.308665,14514.437462,47.871203000000605,Swing_SL,NO_TOUCH,14610.179868000001,NO_TOUCH,14634.1154695,NO_TOUCH,14658.051071000002,NO_TOUCH,14681.986672500003,NO_TOUCH,14575.8072315,0.2819767554201679,NO_TOUCH,14592.645649,0.6337209449279808
1374,2023-04-27,sell,14457.93831,14490.780181,32.84187100000054,Swing_SL,NO_TOUCH,14425.096438999999,NO_TOUCH,14408.675503499999,NO_TOUCH,14392.254567999998,NO_TOUCH,14375.833632499998,NO_TOUCH,14428.2971285,0.9025424130068209,NO_TOUCH,14401.439157,1.7203390452388634
1375,2023-04-28,buy,14696.181041,14673.915366,22.265675000000556,Swing_SL,LOSS,14718.446716,LOSS,14729.5795535,LOSS,14740.712391000001,LOSS,14751.845228500002,LOSS,14709.262126,0.5875000421051451,LOSS,14735.424295,1.7625000814033218
1379,2023-05-04,sell,14599.603672,14665.287416,65.68374399999993,Swing_SL,NO_TOUCH,14533.919928,NO_TOUCH,14501.078055999998,NO_TOUCH,14468.236184,NO_TOUCH,14435.394312,WIN,14619.3644595,0.30084745930440965,NO_TOUCH,14579.007922,0.3135593184212917
1380,2023-05-05,buy,14587.914192,14557.577209,30.336983000001055,Swing_SL,NO_TOUCH,14618.251175000001,NO_TOUCH,14633.419666500002,NO_TOUCH,14648.588158000002,NO_TOUCH,14663.756649500003,WIN,14580.9561685,0.22935779408252815,WIN,14599.603672,0.38532111119944545
1381,2023-05-08,sell,14827.548529,14845.639391,18.090862000000925,Swing_SL,WIN,14809.457666999999,NO_TOUCH,14800.412235999998,NO_TOUCH,14791.366804999998,NO_TOUCH,14782.321373999997,WIN,14820.173024,0.40769229238493987,NO_TOUCH,14800.273076,1.5076922813295908
1384,2023-05-11,buy,14956.689449,14938.876908,17.812540999999328,Swing_SL,WIN,14974.501989999999,WIN,14983.408260499999,NO_TOUCH,14992.314530999998,NO_TOUCH,15001.220801499998,WIN,14956.8286095,0.007812501315831567,WIN,14971.162138,0.8124999684211657
1386,2023-05-15,sell,14950.009746,14966.430682,16.420936000000438,Swing_SL,LOSS,14933.58881,LOSS,14925.378342,LOSS,14917.167873999999,LOSS,14908.957405999998,LOSS,14900.4686175,3.0169491251898055,LOSS,14862.338648,5.338982990981546
1388,2023-05-17,buy,15025.156402,15000.664159,24.4922430000006,Swing_SL,NO_TOUCH,15049.648645000001,NO_TOUCH,15061.894766500001,NO_TOUCH,15074.140888000002,NO_TOUCH,15086.387009500002,WIN,15040.4640545,0.625000025518255,NO_TOUCH,15054.936744,1.215909134986097
1401,2023-06-05,sell,16179.910018,16226.111295,46.20127700000012,Swing_SL,NO_TOUCH,16133.708741,NO_TOUCH,16110.6081025,NO_TOUCH,16087.507464,NO_TOUCH,16064.4068255,WIN,16175.7352035,0.09036145256331611,NO_TOUCH,16156.809379,0.5000000108222153
1402,2023-06-06,sell,16245.03712,16270.642647,25.60552699999971,Swing_SL,NO_TOUCH,16219.431593000001,NO_TOUCH,16206.628829500001,NO_TOUCH,16193.826066000001,NO_TOUCH,16181.023302500002,WIN,16230.2861095,0.5760869713792763,NO_TOUCH,16205.515545,1.5434782888866576
1405,2023-06-09,buy,16132.873777,16098.36198,34.511797000001025,Swing_SL,NO_TOUCH,16167.385574000002,NO_TOUCH,16184.641472500003,NO_TOUCH,16201.897371000003,NO_TOUCH,16219.153269500002,WIN,16137.6052335,0.13709678751296417,WIN,16151.521281,0.5403226033115027
1407,2023-06-13,sell,16555.983505,16591.733253,35.74974799999836,Swing_SL,NO_TOUCH,16520.233757,NO_TOUCH,16502.358883,NO_TOUCH,16484.484009000003,NO_TOUCH,16466.609135000006,NO_TOUCH,16526.0087155,0.8384615606241872,NO_TOUCH,16494.383938,1.7230769570740454
1411,2023-06-19,sell,16816.68167,16836.206533,19.52486299999873,Swing_SL,WIN,16797.156807000003,WIN,16787.394375500004,WIN,16777.631944000004,NO_TOUCH,16767.869512500005,WIN,16810.906711000003,0.29577462336093546,WIN,16788.906866,1.4225351542800782
1418,2023-06-28,sell,16561.208468,16585.1333,23.924832000000606,Swing_SL,WIN,16537.283636,WIN,16525.321219999998,NO_TOUCH,16513.358804,NO_TOUCH,16501.396388,WIN,16558.8709845,0.09770114582202492,WIN,16540.033617,0.8850574582926737
1419,2023-06-29,buy,16645.907872,16626.108011,19.79986099999951,Swing_SL,WIN,16665.707733,WIN,16675.6076635,WIN,16685.507594,NO_TOUCH,16695.4075245,WIN,16676.2951585,1.534722213454022,NO_TOUCH,16699.807493,2.7222221913578997
1422,2023-07-04,sell,16880.481221,16896.981105,16.499884000000748,Swing_SL,NO_TOUCH,16863.981336999997,NO_TOUCH,16855.731394999995,NO_TOUCH,16847.481452999997,NO_TOUCH,16839.231510999998,WIN,16879.656227,0.04999998787862139,NO_TOUCH,16867.556312,0.7833333252522856
1425,2023-07-07,buy,16714.38239,16694.032533,20.349856999997428,Swing_SL,WIN,16734.732246999996,WIN,16744.907175499997,NO_TOUCH,16755.082103999994,NO_TOUCH,16765.25703249999,NO_TOUCH,16751.782127,1.8378378285412256,NO_TOUCH,16767.457017,2.6081081061163474
1431,2023-07-17,sell,17263.553526,17293.803313,30.24978700000065,Swing_SL,NO_TOUCH,17233.303739,NO_TOUCH,17218.1788455,NO_TOUCH,17203.053952,NO_TOUCH,17187.929058499998,NO_TOUCH,17244.578659500003,0.6272727308789512,NO_TOUCH,17228.628772,1.1545454518406664
1434,2023-07-20,buy,17442.302268,17420.852419,21.44984900000054,Swing_SL,LOSS,17463.752117,LOSS,17474.477041500002,LOSS,17485.201966,LOSS,17495.9268905,LOSS,17464.9896085,1.05769231755431,LOSS,17488.501943,2.1538461646046403
1436,2023-07-24,sell,17115.879565,17150.254323,34.37475800000175,Swing_SL,LOSS,17081.504806999998,LOSS,17064.317427999995,LOSS,17047.130048999996,LOSS,17029.942669999997,LOSS,17105.979635,0.28799999115627467,LOSS,17085.629778,0.8799999988363296
1438,2023-07-26,sell,17228.078776,17245.678652,17.599876000000222,Swing_SL,WIN,17210.4789,WIN,17201.678961999998,NO_TOUCH,17192.879023999998,NO_TOUCH,17184.079085999998,WIN,17209.928903,1.0312500497161599,NO_TOUCH,17192.879023,2.000000056818395
1440,2023-07-28,sell,17217.628849,17270.978474,53.34962499999892,Swing_SL,NO_TOUCH,17164.279224,NO_TOUCH,17137.604411500004,NO_TOUCH,17110.929599000003,NO_TOUCH,17084.2547865,NO_TOUCH,17169.6416865,0.8994845324592703,NO_TOUCH,17100.754671,2.190721640498958
1444,2023-08-03,buy,16918.430954,16873.331272,45.09968200000003,Swing_SL,WIN,16963.530636,NO_TOUCH,16986.080477,NO_TOUCH,17008.630318,NO_TOUCH,17031.180159,NO_TOUCH,17020.180238,2.2560975928832776,NO_TOUCH,17058.129971,3.09756102049675
1446,2023-08-07,sell,16966.00562,17013.030289,47.02466899999854,Swing_SL,NO_TOUCH,16918.980951,NO_TOUCH,16895.468616500002,NO_TOUCH,16871.956282000003,NO_TOUCH,16848.443947500004,WIN,16963.393138,0.055555563825457996,NO_TOUCH,16937.680819,0.6023391892455366
1448,2023-08-09,sell,16939.605805,16975.630552,36.02474699999948,Swing_SL,NO_TOUCH,16903.581058,NO_TOUCH,16885.568684500002,NO_TOUCH,16867.556311,NO_TOUCH,16849.5439375,NO_TOUCH,16909.631016,0.8320610551407983,NO_TOUCH,16880.481221,1.6412213526441117
1453,2023-08-16,sell,16632.707965,16669.557706,36.849740999998176,Swing_SL,NO_TOUCH,16595.858224000003,NO_TOUCH,16577.433353500004,NO_TOUCH,16559.008483000005,NO_TOUCH,16540.583612500006,WIN,16619.645557,0.3544776067761845,NO_TOUCH,16590.358263,1.1492537220276597
1462,2023-08-29,sell,16631.057976,16661.85776,30.79978399999891,Swing_SL,WIN,16600.258192,WIN,16584.8583,NO_TOUCH,16569.458408000002,NO_TOUCH,16554.058516000005,WIN,16616.070582,0.486607113868081,WIN,16586.50829,1.4464285204078071
1466,2023-09-04,sell,17108.454617,17120.279534,11.824917000001733,Swing_SL,LOSS,17096.629699999998,LOSS,17090.717241499995,LOSS,17084.804782999996,LOSS,17078.892324499997,LOSS,17082.329801,2.2093022724807057,LOSS,17061.979944,3.9302324912719313
1468,2023-09-06,buy,17029.255175,16982.505504,46.74967099999776,Swing_SL,NO_TOUCH,17076.004845999996,NO_TOUCH,17099.379681499995,NO_TOUCH,17122.754516999994,NO_TOUCH,17146.129352499993,NO_TOUCH,17064.729925,0.7588235219880568,NO_TOUCH,17086.179774,1.2176470503932422
1469,2023-09-07,buy,16860.956359,16838.956514,21.99984499999846,Swing_SL,LOSS,16882.956204,LOSS,16893.956126499997,LOSS,16904.956048999997,LOSS,16915.955971499996,LOSS,16903.993556,1.9562500099434557,LOSS,16935.205836,3.3750000056821494
1470,2023-09-08,sell,16833.456552,16878.006239,44.54968699999881,Swing_SL,WIN,16788.906865,WIN,16766.6320215,NO_TOUCH,16744.357178000002,NO_TOUCH,16722.082334500003,WIN,16814.894183,0.41666665357266824,WIN,16778.456939,1.2345678882098863
1471,2023-09-11,sell,16915.772026,16941.566542,25.79451600000175,Swing_SL,NO_TOUCH,16889.977509999997,NO_TOUCH,16877.080251999996,NO_TOUCH,16864.182993999995,NO_TOUCH,16851.285735999994,NO_TOUCH,16863.8526945,2.0128050280142484,NO_TOUCH,16827.681593,3.4150837720696754
1472,2023-09-12,sell,16983.652331,17028.181812,44.52948099999776,Swing_SL,NO_TOUCH,16939.122850000003,NO_TOUCH,16916.858109500005,NO_TOUCH,16894.593369000006,NO_TOUCH,16872.328628500007,WIN,17005.781311,0.4969512220454309,WIN,16987.72515,0.09146342846433485
1473,2023-09-13,sell,16821.825684,16866.626686,44.80100200000015,Swing_SL,NO_TOUCH,16777.024682,NO_TOUCH,16754.624181,NO_TOUCH,16732.22368,NO_TOUCH,16709.823179,WIN,16827.5276295,0.12727272260564296,NO_TOUCH,16804.719847,0.3818181789773161
1478,2023-09-20,sell,16689.051807,16714.846323,25.79451600000175,Swing_SL,LOSS,16663.257290999998,LOSS,16650.360032999997,LOSS,16637.462774999996,LOSS,16624.565516999995,LOSS,16686.6081165,0.09473682312938393,LOSS,16662.98577,1.0105263072196717
1481,2023-09-25,sell,16208.730769,16232.624636,23.893867000000682,Swing_SL,WIN,16184.836902,WIN,16172.8899685,WIN,16160.943034999998,WIN,16148.996101499997,WIN,16183.0720135,1.0738636613319987,WIN,16147.366973,2.5681818685940576
1482,2023-09-26,buy,16113.42682,16068.625819,44.801000999999815,Swing_SL,WIN,16158.227821,NO_TOUCH,16180.6283215,NO_TOUCH,16203.028822,NO_TOUCH,16225.4293225,NO_TOUCH,16174.790616,1.3696969851187006,NO_TOUCH,16218.777054,2.3515151815469477
1483,2023-09-27,sell,16048.533249,16067.268213,18.73496399999931,Swing_SL,WIN,16029.798285,NO_TOUCH,16020.430803000001,NO_TOUCH,16011.063321000001,NO_TOUCH,16001.695839000002,NO_TOUCH,16011.7421235,1.9637681449508664,NO_TOUCH,15990.427708,3.101449300890194
1486,2023-10-02,sell,16258.690673,16302.677111,43.986438000001726,Swing_SL,WIN,16214.704234999997,WIN,16192.711015999997,NO_TOUCH,16170.717796999996,NO_TOUCH,16148.724577999994,WIN,16253.939052000002,0.10802468251685726,WIN,16222.849872,0.8148148072366546
1487,2023-10-03,sell,16271.723692,16294.259953,22.536261000001105,Swing_SL,LOSS,16249.187430999998,LOSS,16237.919300499998,LOSS,16226.651169999997,LOSS,16215.383039499997,LOSS,16259.2337155,0.5542168907255063,LOSS,16229.909424,1.8554217134775832
1490,2023-10-06,sell,16143.294155,16172.889968,29.595812999999907,Swing_SL,NO_TOUCH,16113.698342,NO_TOUCH,16098.9004355,NO_TOUCH,16084.102529,NO_TOUCH,16069.3046225,NO_TOUCH,16136.913406,0.21559634127975952,NO_TOUCH,16114.512905,0.9724770865392375
1491,2023-10-09,buy,16288.829529,16260.591322,28.23820700000033,Swing_SL,WIN,16317.067736,NO_TOUCH,16331.186839500002,NO_TOUCH,16345.305943000001,NO_TOUCH,16359.4250465,WIN,16297.110926,0.29326922208618755,NO_TOUCH,16326.027936,1.31730768175187
1498,2023-10-18,buy,16494.371092,16468.305055,26.066037000000506,Swing_SL,WIN,16520.437129,LOSS,16533.470147500004,LOSS,16546.503166000002,LOSS,16559.5361845,WIN,16516.092790000002,0.8333333525154121,LOSS,16539.443615,1.7291666930419087
1503,2023-10-25,buy,16012.420926,15979.566859,32.854067000000214,Swing_SL,NO_TOUCH,16045.274993,NO_TOUCH,16061.702026500001,NO_TOUCH,16078.129060000001,NO_TOUCH,16094.556093500001,NO_TOUCH,16061.566267,1.495867802302806,NO_TOUCH,16092.248165,2.4297521217083924
1506,2023-10-30,sell,15588.847823,15618.986678,30.13885499999924,Swing_SL,LOSS,15558.708968,LOSS,15543.6395405,LOSS,15528.570113000002,LOSS,15513.500685500003,LOSS,15573.099591499998,0.5225225543572231,LOSS,15558.980488,0.9909910313448064
1514,2023-11-09,sell,16692.310062,16723.263481,30.953419000001304,Swing_SL,LOSS,16661.356643,LOSS,16645.8799335,LOSS,16630.403223999998,LOSS,16614.926514499995,WIN,16696.1113595,0.1228070314299744,LOSS,16674.661183,0.5701754303781292
1517,2023-11-14,sell,16921.473972,16939.122851,17.648879000000306,Swing_SL,NO_TOUCH,16903.825093,NO_TOUCH,16895.0006535,NO_TOUCH,16886.176214,NO_TOUCH,16877.3517745,NO_TOUCH,16907.490629,0.792307715407853,NO_TOUCH,16895.950977,1.4461538888673275
1518,2023-11-15,sell,17297.802383,17339.888173,42.085790000001,Swing_SL,LOSS,17255.716592999997,LOSS,17234.673698,LOSS,17213.630802999996,LOSS,17192.587907999994,LOSS,17290.878592,0.16451612290032508,LOSS,17269.564176,0.6709677304381798
1524,2023-11-23,sell,17449.854267,17465.874019,16.019752000000153,Swing_SL,NO_TOUCH,17433.834515,NO_TOUCH,17425.824639,NO_TOUCH,17417.814763,NO_TOUCH,17409.804887,NO_TOUCH,17442.387433,0.4661017224235965,NO_TOUCH,17426.774963,1.4406779830298706
1525,2023-11-24,buy,17429.761696,17408.583041,21.178654999999708,Swing_SL,WIN,17450.940351,NO_TOUCH,17461.529678500003,NO_TOUCH,17472.119006,NO_TOUCH,17482.7083335,WIN,17439.5364605,0.46153849241126327,WIN,17453.655564,1.1282051669475484
1526,2023-11-27,sell,17360.795306,17376.543537,15.748231000001397,Swing_SL,LOSS,17345.047075,LOSS,17337.1729595,LOSS,17329.298843999997,LOSS,17321.424728499995,LOSS,17336.4941575,1.5431033809446064,LOSS,17310.835402,3.1724137142765394
1528,2023-11-29,buy,17470.761401,17437.907333,32.85406800000055,Swing_SL,WIN,17503.615469,NO_TOUCH,17520.042503,NO_TOUCH,17536.469537,NO_TOUCH,17552.896571,WIN,17456.5065365,0.43388430619911555,WIN,17471.304443,0.016528912036133294
1530,2023-12-01,sell,17340.974257,17361.60987,20.635612999998557,Swing_SL,NO_DATA,17320.338644000003,NO_DATA,17310.020837500004,NO_DATA,17299.703031000005,NO_DATA,17289.385224500005,NO_DATA,17331.8782965,0.44078944977322376,NO_DATA,17318.709517,1.0789473518428507
1532,2023-12-05,buy,17161.22721,17126.472493,34.7547169999998,Swing_SL,LOSS,17195.981927,LOSS,17213.359285500002,LOSS,17230.736644,LOSS,17248.1140025,LOSS,17182.948907500002,0.6249999820168627,LOSS,17214.173848,1.523437466056706
1534,2023-12-07,sell,17190.27998,17200.326265,10.046285000000353,Swing_SL,WIN,17180.233695,WIN,17175.2105525,WIN,17170.18741,WIN,17165.164267499997,WIN,17168.8298035,2.135135176833813,LOSS,17151.995488,3.8108108619253307
1538,2023-12-13,sell,17795.40603,17814.43425,19.028220000000147,Swing_SL,NO_TOUCH,17776.377809999998,NO_TOUCH,17766.863699999998,NO_TOUCH,17757.349589999998,NO_TOUCH,17747.835479999998,WIN,17797.684056,0.1197182920945804,NO_TOUCH,17788.705952,0.3521127041834695
1541,2023-12-18,buy,18046.524937,18018.384612,28.140324999996665,Swing_SL,NO_TOUCH,18074.665261999995,NO_TOUCH,18088.735424499995,NO_TOUCH,18102.80558699999,NO_TOUCH,18116.875749499988,WIN,18051.7509975,0.1857142907909436,NO_TOUCH,18072.789241,0.9333333570242482
1549,2023-12-29,sell,18344.008382,18364.64462,20.63623799999914,Swing_SL,NO_TOUCH,18323.372144,NO_TOUCH,18313.054025,NO_TOUCH,18302.735906,NO_TOUCH,18292.417787000002,NO_TOUCH,18330.474225,0.6558441998972291,NO_TOUCH,18318.012081,1.2597403170093457
1551,2024-01-03,sell,17912.791389,17934.231637,21.440247999998974,Swing_SL,WIN,17891.351141000003,WIN,17880.631017000003,WIN,17869.910893000004,WIN,17859.190769000004,WIN,17907.9673335,0.22499998600768767,WIN,17890.815135,1.0249999906718483
1559,2024-01-15,sell,18218.582929,18247.795268,29.21233900000152,Swing_SL,WIN,18189.37059,NO_TOUCH,18174.764420499996,NO_TOUCH,18160.158250999997,NO_TOUCH,18145.552081499998,WIN,18202.7707465,0.5412843695946713,NO_TOUCH,18167.126334,1.7614678167330926
1569,2024-01-29,sell,18809.261768,18850.534246,41.272477999998955,Swing_SL,NO_TOUCH,18767.98929,NO_TOUCH,18747.353051000002,NO_TOUCH,18726.716812000002,NO_TOUCH,18706.080573000003,NO_TOUCH,18786.7495075,0.5454545399479104,NO_TOUCH,18756.197154,1.2857142718690244
1572,2024-02-01,sell,18572.347025,18603.167382,30.820357000000513,Swing_SL,LOSS,18541.526668,LOSS,18526.116489499997,LOSS,18510.706310999998,LOSS,18495.2961325,LOSS,18542.196676,0.9782608618063395,LOSS,18510.438308,2.00869564878815
1574,2024-02-05,sell,18972.207655,19002.492005,30.284350000001723,Swing_SL,NO_TOUCH,18941.923304999997,NO_TOUCH,18926.781129999996,NO_TOUCH,18911.638954999995,NO_TOUCH,18896.496779999994,WIN,18958.2714935,0.4601770056150185,NO_TOUCH,18936.027236,1.194690293831453
1577,2024-02-08,buy,19136.493557,19106.745212,29.748344999999972,Swing_SL,NO_TOUCH,19166.241902,NO_TOUCH,19181.1160745,NO_TOUCH,19195.990247,NO_TOUCH,19210.8644195,WIN,19132.607512,0.13063062835942393,NO_TOUCH,19143.729641,0.24324324596881358
1578,2024-02-09,sell,19189.558171,19217.698497,28.14032600000064,Swing_SL,NO_TOUCH,19161.417845,NO_TOUCH,19147.347682,NO_TOUCH,19133.277519,NO_TOUCH,19119.207356,NO_TOUCH,19148.01769,1.4761904677294446,NO_TOUCH,19137.833572,1.8380952303111149
1585,2024-02-20,buy,18975.959698,18906.010888,69.94880999999805,Swing_SL,LOSS,19045.908507999997,LOSS,19080.882912999994,LOSS,19115.857317999995,LOSS,19150.831722999996,LOSS,18985.473808,0.13601532320564622,LOSS,19031.43634,0.7931034423602488
1588,2024-02-23,buy,19330.527803,19310.42757,20.100233000001026,Swing_SL,LOSS,19350.628036000002,LOSS,19360.678152500004,LOSS,19370.728269000003,LOSS,19380.7783855,WIN,19337.763887,0.3600000059700676,LOSS,19354.916086,1.2133333479268118
1589,2024-02-26,sell,19238.334736,19265.939055,27.604318999998213,Swing_SL,LOSS,19210.730417000002,LOSS,19196.928257500003,LOSS,19183.126098000004,LOSS,19169.323938500005,LOSS,19235.788706500003,0.09223301252234098,LOSS,19213.142444,0.9126213908773245
1596,2024-03-06,sell,19311.23158,19337.495884,26.264304000000266,Swing_SL,LOSS,19284.967276,LOSS,19271.835123999997,LOSS,19258.702972,LOSS,19245.57082,LOSS,19259.3729795,1.9744898056312177,LOSS,19235.386702,2.887755106702965
1601,2024-03-13,sell,19560.385276,19569.639061,9.25378500000079,Swing_SL,LOSS,19551.131491,LOSS,19546.5045985,LOSS,19541.877706,LOSS,19537.2508135,LOSS,19528.261424,3.47142839389481,LOSS,19506.448932,5.82857111981713
1606,2024-03-20,sell,19312.912639,19331.420208,18.50756900000124,Swing_SL,WIN,19294.405069999997,WIN,19285.151285499996,NO_TOUCH,19275.897500999996,NO_TOUCH,19266.643716499995,WIN,19298.635372,0.7714285436405347,NO_TOUCH,19276.955077,1.9428571088940525
1607,2024-03-21,sell,19703.422345,19742.023846,38.60150100000101,Swing_SL,WIN,19664.820843999998,NO_TOUCH,19645.520093499996,NO_TOUCH,19626.219342999997,NO_TOUCH,19606.9185925,NO_TOUCH,19656.756832,1.2089041045320672,NO_TOUCH,19627.012525,1.9794520425513704
1611,2024-03-27,buy,19551.395885,19533.945892,17.449993000001996,Swing_SL,WIN,19568.845878000004,WIN,19577.570874500005,WIN,19586.295871000006,NO_TOUCH,19595.020867500007,WIN,19568.1848945,0.9621212742030721,WIN,19590.526174,2.242424337934836
1614,2024-04-02,sell,19522.312563,19565.144365,42.83180200000061,Swing_SL,NO_DATA,19479.480761,NO_DATA,19458.06486,NO_DATA,19436.648959,NO_DATA,19415.233057999998,NO_DATA,19537.118618,0.34567901205745943,NO_DATA,19519.139837,0.07407407234467157
1615,2024-04-03,buy,19340.145205,19315.556578,24.588627000000997,Swing_SL,NO_TOUCH,19364.733832,NO_TOUCH,19377.0281455,NO_TOUCH,19389.322459000003,NO_TOUCH,19401.616772500005,WIN,19354.422473,0.5806451901522368,NO_TOUCH,19384.563371,1.8064516575080696
1617,2024-04-05,sell,19166.702844,19184.417232,17.714388000000326,Swing_SL,LOSS,19148.988456,LOSS,19140.131262,LOSS,19131.274068,LOSS,19122.416874,LOSS,19131.0096755,2.014925296882821,LOSS,19092.672568,4.179104352913368
1619,2024-04-09,sell,19356.802017,19390.380035,33.57801799999652,Swing_SL,WIN,19323.223999000005,LOSS,19306.43499000001,LOSS,19289.64598100001,LOSS,19272.85697200001,WIN,19358.6527745,0.055118128175310435,WIN,19337.765661,0.5669291141604158
1620,2024-04-10,sell,19437.970927,19461.766373,23.795446000000084,Swing_SL,LOSS,19414.175481,LOSS,19402.277757999997,LOSS,19390.380035,LOSS,19378.482312,WIN,19437.3099425,0.027777773108284946,LOSS,19424.222447,0.5777777815132498
1623,2024-04-15,sell,19316.085365,19342.789144,26.703778999999486,Swing_SL,NO_TOUCH,19289.381586,NO_TOUCH,19276.0296965,NO_TOUCH,19262.677807,NO_TOUCH,19249.3259175,NO_TOUCH,19277.2194705,1.4554454820795057,NO_TOUCH,19239.939939,2.851485027643488
1626,2024-04-18,sell,18761.387083,18787.826468,26.439384999997856,Swing_SL,WIN,18734.947698000004,WIN,18721.728005500005,WIN,18708.508313000006,WIN,18695.288620500007,WIN,18737.327244,0.9099999489399366,WIN,18696.874986,2.4399999092266245
1635,2024-05-01,buy,18484.037942,18459.184921,24.85302099999899,Swing_SL,LOSS,18508.890962999998,LOSS,18521.3174735,LOSS,18533.743983999997,LOSS,18546.170494499995,LOSS,18522.5072465,1.547872369318955,LOSS,18538.503074,2.1914893968022393
1648,2024-05-20,buy,19743.345815,19728.804154,14.541660999999294,Swing_SL,LOSS,19757.887476,LOSS,19765.1583065,LOSS,19772.429137,LOSS,19779.699967499997,WIN,19743.7424065,0.0272727785361531,LOSS,19754.714751,0.7818182530867341
1650,2024-05-22,buy,19884.532127,19870.783648,13.748478999998042,Swing_SL,LOSS,19898.280605999997,LOSS,19905.154845499994,LOSS,19912.029084999995,LOSS,19918.903324499996,LOSS,19898.5450015,1.0192308909227106,LOSS,19907.798786,1.6923078545637023
1659,2024-06-04,buy,19677.247355,19636.001915,41.24543999999878,Swing_SL,LOSS,19718.492795,LOSS,19739.115514999998,LOSS,19759.738234999997,LOSS,19780.360954999996,LOSS,19731.1836985,1.3076922806497635,LOSS,19752.335206,1.8205127888077433
1660,2024-06-05,buy,19796.224584,19779.832166,16.392417999999452,Swing_SL,WIN,19812.617002,WIN,19820.813211,WIN,19829.00942,WIN,19837.205628999996,WIN,19819.623439000003,1.4274193715657981,WIN,19846.459414,3.064516168389735
1663,2024-06-10,buy,20115.347952,20086.000236,29.34771600000022,Swing_SL,LOSS,20144.695668,LOSS,20159.369526000002,LOSS,20174.043384,LOSS,20188.717242,LOSS,20129.0964315,0.4684684661660931,LOSS,20148.397182,1.1261261353353798
1666,2024-06-13,sell,20771.044682,20804.358306,33.313623999998526,Swing_SL,WIN,20737.731058,WIN,20721.074246000004,NO_TOUCH,20704.417434000003,NO_TOUCH,20687.760622,WIN,20748.703402500003,0.6706349180142555,WIN,20726.097729,1.3492063487298993
1667,2024-06-14,buy,20776.332559,20736.937876,39.39468299999862,Swing_SL,LOSS,20815.727241999997,LOSS,20835.424583499997,LOSS,20855.121924999996,LOSS,20874.819266499995,WIN,20759.675747,0.4228187849613621,WIN,20778.183316,0.046979867816177696
1673,2024-06-24,sell,20873.801947,20905.898226,32.09627900000123,Swing_SL,WIN,20841.705668,WIN,20825.6575285,NO_TOUCH,20809.609388999997,NO_TOUCH,20793.561249499995,WIN,20842.8799225,0.9634146219877542,NO_TOUCH,20790.560378,2.5934959314130595
1674,2024-06-25,buy,20642.343416,20595.373251,46.970164999998815,Swing_SL,WIN,20689.313581,NO_TOUCH,20712.798663499998,NO_TOUCH,20736.283745999997,NO_TOUCH,20759.768828499997,WIN,20642.473888,0.0027777632886905918,WIN,20677.831984,0.7555555318999106
1676,2024-06-27,sell,20833.094472,20847.707412,14.612939999999071,Swing_SL,WIN,20818.481532,WIN,20811.175062000002,LOSS,20803.868592000003,LOSS,20796.562122000003,LOSS,20788.0813975,3.080357169741699,LOSS,20744.37305,6.071428610533403
1679,2024-07-02,buy,20839.879051,20808.565608,31.313442999999097,Swing_SL,LOSS,20871.192494,LOSS,20886.8492155,LOSS,20902.505936999998,LOSS,20918.162658499998,LOSS,20869.365876000003,0.9416666509653518,LOSS,20903.027827,2.0166666437799137
1682,2024-07-05,sell,21325.49836,21350.549115,25.05075500000021,Swing_SL,NO_TOUCH,21300.447605,NO_TOUCH,21287.9222275,NO_TOUCH,21275.39685,NO_TOUCH,21262.871472500003,NO_TOUCH,21305.1446225,0.8124999625760291,NO_TOUCH,21283.747103,1.6666666134413732
1692,2024-07-19,buy,20722.714586,20618.336443,104.37814299999809,Swing_SL,NO_TOUCH,20827.092728999996,NO_TOUCH,20879.281800499994,NO_TOUCH,20931.470871999994,NO_TOUCH,20983.659943499995,NO_TOUCH,20823.569966000003,0.9662499935451655,NO_TOUCH,20839.096215,1.114999995736706
1694,2024-07-23,buy,20792.647941,20738.110362,54.53757899999982,Swing_SL,NO_TOUCH,20847.18552,NO_TOUCH,20874.454309499997,NO_TOUCH,20901.723099,NO_TOUCH,20928.9918885,WIN,20813.1321515,0.37559808989692384,WIN,20843.010395,0.9234449882713358
1695,2024-07-24,buy,20601.63594,20570.844388,30.791551999998774,Swing_SL,LOSS,20632.427492,LOSS,20647.823268,LOSS,20663.219043999998,LOSS,20678.614819999995,LOSS,20645.7357055,1.4322034011147262,LOSS,20706.796919,3.4152542554530676
1696,2024-07-25,buy,20065.393231,20001.983509,63.40972199999669,Swing_SL,LOSS,20128.802952999995,LOSS,20160.507813999993,LOSS,20192.21267499999,LOSS,20223.91753599999,LOSS,20102.9693625,0.5925925917165156,LOSS,20148.6348,1.3127571983363366
1697,2024-07-26,sell,19959.971307,19992.067586,32.09627900000123,Swing_SL,LOSS,19927.875028,LOSS,19911.8268885,LOSS,19895.778748999997,LOSS,19879.730609499995,LOSS,19902.0414375,1.804878051440092,LOSS,19851.418038,3.3821138269640487
1699,2024-07-30,sell,20057.303925,20094.619111,37.31518599999981,Swing_SL,LOSS,20019.988739,LOSS,20001.331146,LOSS,19982.673553,LOSS,19964.01596,LOSS,19980.0640995,2.069930068149764,LOSS,19911.174525,3.9160839235801306
1701,2024-08-01,buy,20512.392628,20446.634398,65.7582300000031,Swing_SL,LOSS,20578.150858000005,LOSS,20611.029973000004,LOSS,20643.909088000008,LOSS,20676.78820300001,LOSS,20528.962658,0.25198412426852385,LOSS,20580.238421,1.0317460339183944
1702,2024-08-02,buy,19539.588337,19457.390549,82.19778800000131,Swing_SL,NO_TOUCH,19621.786125000002,NO_TOUCH,19662.885019,NO_TOUCH,19703.983913000004,NO_TOUCH,19745.082807000006,NO_TOUCH,19633.528665,1.1428571289533862,NO_TOUCH,19762.957562,2.7174602922404065
1709,2024-08-13,sell,19573.250288,19641.096081,67.84579300000041,Swing_SL,NO_TOUCH,19505.404495,NO_TOUCH,19471.4815985,NO_TOUCH,19437.558702,NO_TOUCH,19403.6358055,NO_TOUCH,19491.8353365,1.1999999985260472,NO_TOUCH,19452.954478,1.773076924607527
1714,2024-08-20,sell,20766.814351,20803.607646,36.79329499999949,Swing_SL,WIN,20730.021056,NO_TOUCH,20711.6244085,NO_TOUCH,20693.227761000002,NO_TOUCH,20674.831113500004,WIN,20750.113848,0.45390071750845523,NO_TOUCH,20713.842443,1.4397163396211257
1723,2024-09-02,buy,20408.014485,20365.219446,42.79503900000054,Swing_SL,WIN,20450.809524,NO_TOUCH,20472.2070435,NO_TOUCH,20493.604563,NO_TOUCH,20515.002082500003,NO_TOUCH,20454.4627585,1.085365841120074,NO_TOUCH,20487.080928,1.8475609521000484
1724,2024-09-03,sell,20463.856791,20504.825212,40.9684210000014,Swing_SL,WIN,20422.888369999997,WIN,20402.404159499994,WIN,20381.919948999996,WIN,20361.435738499997,WIN,20417.6694635,1.1273885195623778,WIN,20368.350791,2.3312101777121046
1736,2024-09-19,sell,20539.73309,20571.452495,31.719404999999824,Swing_SL,LOSS,20508.013685,LOSS,20492.1539825,LOSS,20476.294280000002,LOSS,20460.434577500004,LOSS,20408.4714875,4.138211372502202,LOSS,20298.356155,7.609756078337584
1738,2024-09-23,buy,20687.75698,20584.346562,103.41041799999948,Swing_SL,NO_TOUCH,20791.167397999998,NO_TOUCH,20842.872606999998,NO_TOUCH,20894.577815999997,NO_TOUCH,20946.283024999997,NO_TOUCH,20743.588291,0.5399002545372364,NO_TOUCH,20799.677483,1.0822942713566999
1741,2024-09-26,sell,21106.298398,21146.012124,39.71372600000177,Swing_SL,NO_TOUCH,21066.584671999997,NO_TOUCH,21046.727808999996,NO_TOUCH,21026.870945999995,NO_TOUCH,21007.014082999995,NO_TOUCH,20990.251794,2.9220779737462568,NO_TOUCH,20915.208324,4.811688381996472
1744,2024-10-01,buy,20888.388664,20852.285276,36.10338799999954,Swing_SL,WIN,20924.492051999998,NO_TOUCH,20942.543745999996,NO_TOUCH,20960.595439999997,NO_TOUCH,20978.647134,WIN,20916.1109085,0.7678571468140614,NO_TOUCH,20972.715863,2.335714282548887
1749,2024-10-08,buy,20602.656138,20571.194614,31.461523999998462,Swing_SL,WIN,20634.117661999997,WIN,20649.848423999996,WIN,20665.579185999995,WIN,20681.309947999995,WIN,20623.1577045,0.651639332538494,WIN,20662.226728,1.8934426062769847
1750,2024-10-09,buy,20861.311123,20832.686294,28.624829000000318,Swing_SL,WIN,20889.935952,WIN,20904.2483665,NO_TOUCH,20918.560781,NO_TOUCH,20932.8731955,WIN,20894.5778165,1.1621621739644696,NO_TOUCH,20928.876035,2.3603603710611125
1757,2024-10-18,sell,21079.73662,21100.625008,20.888387999999395,Swing_SL,NO_TOUCH,21058.848232,NO_TOUCH,21048.404038,NO_TOUCH,21037.959844,NO_TOUCH,21027.51565,NO_TOUCH,21005.8536155,3.5370371567208374,NO_TOUCH,20961.369084,5.666666858160685
1758,2024-10-21,buy,21099.593483,21071.226535,28.366947999998956,Swing_SL,LOSS,21127.960431,LOSS,21142.143904999997,LOSS,21156.327379,LOSS,21170.510853,LOSS,21129.636659,1.0590908828119376,LOSS,21170.510852,2.499999964747758
1760,2024-10-23,sell,21154.78009,21190.109834,35.329743999998755,Swing_SL,WIN,21119.450346,NO_TOUCH,21101.785474000004,NO_TOUCH,21084.120602000003,NO_TOUCH,21066.45573,WIN,21160.969242,0.17518247514047175,WIN,21138.533565,0.45985402554853577
1764,2024-10-29,sell,21174.894835,21202.746019,27.851183999999193,Swing_SL,WIN,21147.043651,WIN,21133.118059,NO_TOUCH,21119.192467,NO_TOUCH,21105.266875,WIN,21133.1180575,1.5000000538576928,NO_TOUCH,21095.725263,2.8425926883396113
1766,2024-10-31,buy,20976.06832,20947.443491,28.62482899999668,Swing_SL,LOSS,21004.693148999995,LOSS,21019.005563499995,LOSS,21033.317977999992,LOSS,21047.63039249999,LOSS,21067.745137,3.2027026956218267,LOSS,21108.877211,4.639639628939477
1772,2024-11-08,buy,21908.051489,21879.942422,28.109067000001232,Swing_SL,LOSS,21936.160556000003,LOSS,21950.2150895,LOSS,21964.269623000004,LOSS,21978.324156500006,WIN,21908.954073,0.03211006612206087,LOSS,21933.581741,0.9082568268807838
1773,2024-11-11,sell,21973.037587,21995.731145,22.693558000002668,Swing_SL,WIN,21950.344028999996,NO_TOUCH,21938.997249999993,NO_TOUCH,21927.650470999994,NO_TOUCH,21916.303691999994,WIN,21949.828266,1.0227272867478836,NO_TOUCH,21928.166233,1.9772727573170192
1780,2024-11-20,sell,21479.194818,21500.341088,21.146270000001095,Swing_SL,WIN,21458.048548,WIN,21447.475413,WIN,21436.902277999998,WIN,21426.329142999995,WIN,21462.561471,0.7865853883449982,WIN,21427.876431,2.426829270599339
1783,2024-11-25,buy,21617.161335,21591.373201,25.788134000002174,Swing_SL,NO_TOUCH,21642.949469000003,NO_TOUCH,21655.843536000004,NO_TOUCH,21668.737603000005,NO_TOUCH,21681.631670000006,WIN,21621.803199,0.1799999953467237,WIN,21633.149978,0.6199999968977687
1792,2024-12-06,sell,22151.491475,22172.895626,21.404151000002457,Swing_SL,WIN,22130.087323999996,NO_TOUCH,22119.385248499995,NO_TOUCH,22108.683172999994,NO_TOUCH,22097.981097499993,WIN,22143.497153,0.37349400123357984,NO_TOUCH,22126.219103,1.180722935471561
1793,2024-12-09,sell,22369.143327,22390.547479,21.404151999999158,Swing_SL,WIN,22347.739175000002,WIN,22337.037099,WIN,22326.335023000003,WIN,22315.632947000006,WIN,22324.916677,2.066264993819996,WIN,22309.314856,2.7951806266374426
1794,2024-12-10,buy,22137.308001,22124.156053,13.151948000002449,Swing_SL,WIN,22150.459949000004,WIN,22157.035923000003,WIN,22163.611897000006,WIN,22170.18787100001,WIN,22145.6891445,0.6372549146329738,WIN,22162.322491,1.9019608350027761
1799,2024-12-17,buy,22755.449577,22723.214409,32.23516799999925,Swing_SL,WIN,22787.684745,WIN,22803.802329,NO_TOUCH,22819.919912999998,NO_TOUCH,22836.037496999998,WIN,22800.3209305,1.3919999889561565,NO_TOUCH,22821.982963,2.0639999766714636
1800,2024-12-18,sell,22724.245934,22753.644407,29.398473000001104,Swing_SL,LOSS,22694.847460999998,LOSS,22680.148224499997,LOSS,22665.448987999996,LOSS,22650.749751499996,WIN,22710.707164,0.4605263001244553,LOSS,22678.343056,1.5614034783369675
1801,2024-12-19,sell,21933.581741,21985.15801,51.57626899999741,Swing_SL,LOSS,21882.005472000004,LOSS,21856.217337500006,LOSS,21830.429203000007,LOSS,21804.64106850001,LOSS,21885.2289895,0.9374999866703186,LOSS,21822.692764,2.1499999738253246
1804,2024-12-24,sell,22420.685021,22453.160464,32.47544299999936,Swing_SL,LOSS,22388.209578,LOSS,22371.9718565,LOSS,22355.734135000002,LOSS,22339.496413500005,LOSS,22419.0097005,0.05158730244271971,LOSS,22392.848927,0.8571428571429371
1806,2024-12-27,buy,22604.45479,22580.227079,24.227710999999545,Swing_SL,NO_DATA,22628.682501,NO_DATA,22640.7963565,NO_DATA,22652.910212,NO_DATA,22665.0240675,NO_DATA,22631.259918000003,1.106383017364047,NO_DATA,22657.807304,2.2021277206089747
1808,2024-12-31,buy,22056.496125,22020.927782,35.56834300000264,Swing_SL,WIN,22092.064468000004,WIN,22109.848639500007,WIN,22127.632811000007,WIN,22145.416982500006,WIN,22075.3112625,0.5289854942074909,WIN,22120.158303,1.7898550404778188
1811,2025-01-06,sell,22242.84331,22294.649373,51.806062999999995,Swing_SL,LOSS,22191.037247,LOSS,22165.134215500002,LOSS,22139.231184,LOSS,22113.3281525,LOSS,22185.3669305,1.1094527584541582,LOSS,22147.736655,1.8358209347041021
1818,2025-01-15,buy,21592.561224,21556.477399,36.083825000001525,Swing_SL,NO_TOUCH,21628.645049000002,NO_TOUCH,21646.686961500003,NO_TOUCH,21664.728874000004,NO_TOUCH,21682.770786500005,WIN,21593.8499325,0.03571429858115533,WIN,21612.66507,0.5571428749584421
1821,2025-01-20,sell,22291.814216,22308.051937,16.23772100000133,Swing_SL,WIN,22275.576494999998,WIN,22267.457634499995,WIN,22259.338773999996,NO_TOUCH,22251.219913499997,NO_TOUCH,22240.652506,3.1507937597890816,NO_TOUCH,22207.274967,5.206349400879023
1825,2025-01-24,buy,22682.550498,22656.518596,26.03190199999881,Swing_SL,NO_TOUCH,22708.5824,NO_TOUCH,22721.598351,NO_TOUCH,22734.614301999998,NO_TOUCH,22747.630252999996,WIN,22700.721282,0.6980198373518356,NO_TOUCH,22741.573327,2.267326797711532
1829,2025-01-30,sell,22345.682212,22387.951837,42.269625000000815,Swing_SL,WIN,22303.412587,WIN,22282.2777745,NO_TOUCH,22261.142961999998,NO_TOUCH,22240.008149499998,WIN,22299.030981,1.103658501820135,NO_TOUCH,22246.709434,2.341463355778469
1830,2025-01-31,sell,22449.29434,22469.398186,20.103845999998157,Swing_SL,WIN,22429.190494000002,WIN,22419.138571000003,LOSS,22409.086648000004,LOSS,22399.034725000005,LOSS,22406.895845,2.108974322624893,LOSS,22351.352528,4.871794779964486
1839,2025-02-13,buy,22521.719733,22438.211451,83.50828200000251,Swing_SL,NO_TOUCH,22605.228015000004,NO_TOUCH,22646.982156000005,NO_TOUCH,22688.736297000007,NO_TOUCH,22730.490438000008,NO_TOUCH,22577.2630505,0.6651234604490864,NO_TOUCH,22606.00124,1.0092592612550353
1842,2025-02-18,sell,22977.14916,23010.913311,33.7641509999994,Swing_SL,NO_TOUCH,22943.385009,NO_TOUCH,22926.5029335,NO_TOUCH,22909.620858000002,NO_TOUCH,22892.738782500004,WIN,22956.9164435,0.5992366430301411,NO_TOUCH,22919.930522,1.6946565012105033
1845,2025-02-21,buy,22828.43225,22788.224559,40.20769100000325,Swing_SL,NO_TOUCH,22868.639941000005,NO_TOUCH,22888.743786500007,NO_TOUCH,22908.847632000008,NO_TOUCH,22928.95147750001,WIN,22821.473227,0.17307691207641118,WIN,22846.731905,0.45512822410014575
1846,2025-02-24,buy,22435.118552,22373.002823,62.11572900000101,Swing_SL,NO_TOUCH,22497.234281,NO_TOUCH,22528.292145500003,NO_TOUCH,22559.350010000002,NO_TOUCH,22590.4078745,WIN,22441.1754795,0.09751036649672938,WIN,22476.614951,0.6680497785029453
1852,2025-03-04,buy,21185.071737,21096.408623,88.66311399999904,Swing_SL,LOSS,21273.734850999997,LOSS,21318.066408,LOSS,21362.397964999996,LOSS,21406.729521999994,WIN,21164.839020500003,0.2281976753037951,LOSS,21229.661036,0.5029069811376512
1861,2025-03-17,buy,20178.848487,20160.291091,18.557396000000153,Swing_SL,WIN,20197.405883,WIN,20206.684581,WIN,20215.963279,WIN,20225.241976999998,WIN,20203.3339395,1.3194444145073356,WIN,20236.324866,3.0972222072536066
1863,2025-03-19,buy,20117.233928,20055.262554,61.97137400000065,Swing_SL,NO_TOUCH,20179.205302000002,NO_TOUCH,20210.190989000002,NO_TOUCH,20241.176676000003,NO_TOUCH,20272.162363000003,WIN,20148.984693,0.5123456678562058,NO_TOUCH,20195.52698,1.2633744735108896
1878,2025-04-09,sell,17609.306003,17775.328078,166.02207499999713,Swing_SL,NO_TOUCH,17443.283928000004,NO_TOUCH,17360.272890500004,NO_TOUCH,17277.261853000007,NO_TOUCH,17194.25081550001,NO_TOUCH,17312.4554745,1.7880184216466875,NO_TOUCH,17071.455689,3.2396313201121734
1881,2025-04-14,sell,19496.500089,19548.52544,52.02535100000023,Swing_SL,WIN,19444.474738,WIN,19418.462062500003,NO_TOUCH,19392.449387,NO_TOUCH,19366.4367115,WIN,19426.877929,1.3382352768749666,NO_TOUCH,19337.618749,3.0539215391357803
1882,2025-04-15,sell,19382.248339,19423.307562,41.0592230000002,Swing_SL,WIN,19341.189116,NO_TOUCH,19320.6595045,NO_TOUCH,19300.129893,NO_TOUCH,19279.600281500003,NO_TOUCH,19279.217743,2.509316749613114,NO_TOUCH,19227.447419,3.770186298946786
1884,2025-04-17,sell,18957.884696,19027.761882,69.87718599999789,Swing_SL,NO_TOUCH,18888.007510000003,NO_TOUCH,18853.068917000004,NO_TOUCH,18818.130324000005,NO_TOUCH,18783.191731000006,NO_TOUCH,18848.3509315,1.567518252666947,NO_TOUCH,18744.937796,3.0474452706210733
1890,2025-04-28,sell,19881.844719,19910.407657,28.56293799999912,Swing_SL,WIN,19853.281781,WIN,19839.000312000004,LOSS,19824.718843000002,LOSS,19810.437374,LOSS,19822.5511215,2.0758928055650947,LOSS,19782.129464,3.491071366678114
1892,2025-04-30,sell,19968.553637,19988.955735,20.40209799999866,Swing_SL,LOSS,19948.151539000002,LOSS,19937.950490000003,LOSS,19927.749441000004,LOSS,19917.548392000004,LOSS,19927.621927,2.0062500435005965,LOSS,19876.999221,4.487500060043271
1899,2025-05-09,sell,20586.482187,20639.01759,52.53540299999804,Swing_SL,NO_TOUCH,20533.946784000003,NO_TOUCH,20507.679082500006,NO_TOUCH,20481.411381000005,NO_TOUCH,20455.143679500005,NO_TOUCH,20546.8256085,0.7548543693479147,NO_TOUCH,20484.471696,1.9417475678259233
1900,2025-05-12,sell,21217.417074,21351.56087,134.1437960000003,Swing_SL,NO_TOUCH,21083.273278,NO_TOUCH,21016.20138,NO_TOUCH,20949.129482,NO_TOUCH,20882.057584000002,NO_TOUCH,20914.3184025,2.259505698645946,NO_TOUCH,20851.96449,2.7243345939010224
1906,2025-05-20,buy,21885.840817,21838.405939,47.434878000000026,Swing_SL,NO_TOUCH,21933.275695,NO_TOUCH,21956.993134,NO_TOUCH,21980.710573,NO_TOUCH,22004.428012,NO_TOUCH,21921.034437,0.7419355015522159,NO_TOUCH,21995.757122,2.317204336437816
1908,2025-05-22,sell,21598.426259,21653.511924,55.0856649999987,Swing_SL,NO_TOUCH,21543.340594,NO_TOUCH,21515.7977615,NO_TOUCH,21488.254929000002,NO_TOUCH,21460.712096500003,NO_TOUCH,21597.533667,0.016203707443672884,NO_TOUCH,21560.172325,0.6944444439402012
1912,2025-05-28,buy,21884.820713,21858.808037,26.012676000002102,Swing_SL,LOSS,21910.833389000003,LOSS,21923.839727000006,LOSS,21936.846065000005,LOSS,21949.852403000004,LOSS,21890.941342,0.2352940927721848,LOSS,21915.933912,1.1960783657935434
1915,2025-06-02,buy,21682.83994,21588.480236,94.35970400000224,Swing_SL,NO_TOUCH,21777.199644000004,NO_TOUCH,21824.379496000005,NO_TOUCH,21871.559348000006,NO_TOUCH,21918.739200000007,NO_TOUCH,21697.248922,0.15270270453579265,NO_TOUCH,21754.757336,0.7621621619329729
1916,2025-06-03,buy,21893.74663,21834.835572,58.9110580000015,Swing_SL,NO_TOUCH,21952.657688000003,NO_TOUCH,21982.113217000006,NO_TOUCH,22011.568746000004,NO_TOUCH,22041.024275000003,NO_TOUCH,21901.397417,0.12987013405867667,NO_TOUCH,21934.805853,0.6969697098293355
1921,2025-06-10,buy,22232.166435,22168.91993,63.24650499999916,Swing_SL,NO_TOUCH,22295.41294,NO_TOUCH,22327.036192499996,NO_TOUCH,22358.659444999998,NO_TOUCH,22390.2826975,NO_TOUCH,22304.4663705,1.1431451508664427,NO_TOUCH,22415.02024,2.8911290038873276
1925,2025-06-16,sell,22194.657177,22228.741433,34.08425599999828,Swing_SL,LOSS,22160.572921000003,LOSS,22143.530793000005,LOSS,22126.488665000004,LOSS,22109.446537000003,LOSS,22135.7231665,1.7290684150478157,LOSS,22095.472377,2.909988705636049
1926,2025-06-17,buy,22262.825688,22221.924581,40.9011070000015,Swing_SL,NO_TOUCH,22303.726795000002,NO_TOUCH,22324.1773485,NO_TOUCH,22344.627902000004,NO_TOUCH,22365.078455500006,WIN,22280.7514815,0.43827159739216914,NO_TOUCH,22336.043718,1.790123431133473
1934,2025-06-27,sell,22961.931636,22985.411901,23.480264999998326,Swing_SL,NO_TOUCH,22938.451371000003,NO_TOUCH,22926.711238500004,NO_TOUCH,22914.971106000005,NO_TOUCH,22903.230973500005,NO_TOUCH,22913.834965,2.048387060367777,NO_TOUCH,22884.673991,3.2903225325611536
1938,2025-07-03,sell,23107.357793,23127.808346,20.4505530000024,Swing_SL,WIN,23086.907239999997,WIN,23076.681963499996,NO_TOUCH,23066.456686999994,NO_TOUCH,23056.231410499993,WIN,23080.847816,1.2962963397613148,NO_TOUCH,23053.07546,2.65432103474135
1939,2025-07-04,buy,23196.98676,23169.46688,27.51987999999983,Swing_SL,LOSS,23224.50664,LOSS,23238.26658,LOSS,23252.02652,LOSS,23265.78646,LOSS,23246.2195735,1.7889908495240237,LOSS,23278.031545,2.9449541567769324
1941,2025-07-08,sell,23160.630221,23200.268948,39.63872700000138,Swing_SL,NO_TOUCH,23120.991493999998,NO_TOUCH,23101.172130499996,NO_TOUCH,23081.352766999997,NO_TOUCH,23061.533403499998,NO_TOUCH,23125.0311105,0.8980891465055911,NO_TOUCH,23083.877528,1.9363056992217704
1945,2025-07-14,buy,23062.669547,23030.100147,32.569400000000314,Swing_SL,WIN,23095.238947,WIN,23111.523647,WIN,23127.808347000002,NO_TOUCH,23144.093047000002,WIN,23079.4591985,0.5155038625212361,WIN,23106.095413,1.333333312864141
1947,2025-07-16,buy,23199.763996,23156.085654,43.678342000002885,Swing_SL,NO_TOUCH,23243.442338000004,NO_TOUCH,23265.281509000008,NO_TOUCH,23287.120680000007,NO_TOUCH,23308.959851000007,WIN,23239.1502465,0.901734101994923,NO_TOUCH,23273.486978,1.687861274587631
1950,2025-07-21,sell,23514.601525,23529.245131,14.643606000001455,Swing_SL,LOSS,23499.957918999997,LOSS,23492.636115999994,LOSS,23485.314312999995,LOSS,23477.992509999996,LOSS,23490.2375945,1.6637930916740915,LOSS,23472.690515,2.8620689466785465
1958,2025-07-31,sell,24029.400019,24081.157592,51.757572999998956,Swing_SL,NO_TOUCH,23977.642446,NO_TOUCH,23951.7636595,NO_TOUCH,23925.884873000003,NO_TOUCH,23900.006086500005,NO_TOUCH,23996.199429,0.6414634241060926,NO_TOUCH,23946.840378,1.5951219544239736
1962,2025-08-06,sell,23426.739889,23454.007293,27.26740399999835,Swing_SL,LOSS,23399.472485000002,LOSS,23385.838783000003,LOSS,23372.205081000004,LOSS,23358.571379000005,LOSS,23354.7842385,2.63888892760031,LOSS,23278.031545,5.453703770260189
1972,2025-08-20,sell,23632.255325,23662.552441,30.29711600000155,Swing_SL,LOSS,23601.958208999997,LOSS,23586.809650999996,LOSS,23571.661092999995,LOSS,23556.512534999994,WIN,23611.047344,0.6999999933986614,LOSS,23565.349194,2.2083333278321375
1986,2025-09-09,sell,24092.266534,24121.806222,29.53968800000075,Swing_SL,NO_TOUCH,24062.726845999998,NO_TOUCH,24047.957001999996,NO_TOUCH,24033.187157999997,NO_TOUCH,24018.417314,NO_TOUCH,24055.405043,1.2478632475738647,NO_TOUCH,24026.370307,2.230769228165029
1992,2025-09-17,sell,24529.0,24553.0,24.0,Swing_SL,WIN,24505.0,WIN,24493.0,WIN,24481.0,WIN,24469.0,WIN,24523.625,0.22395833333333334,WIN,24497.5,1.3125
1995,2025-09-22,buy,24824.0,24748.75,75.25,Swing_SL,NO_TOUCH,24899.25,NO_TOUCH,24936.875,NO_TOUCH,24974.5,NO_TOUCH,25012.125,NO_TOUCH,24852.0,0.37209302325581395,NO_TOUCH,24876.0,0.6910299003322259
1998,2025-09-25,buy,24717.75,24694.25,23.5,Swing_SL,WIN,24741.25,WIN,24753.0,LOSS,24764.75,LOSS,24776.5,LOSS,24765.5,2.0319148936170213,LOSS,24793.5,3.223404255319149
2001,2025-09-30,buy,24800.25,24754.75,45.5,Swing_SL,NO_TOUCH,24845.75,NO_TOUCH,24868.5,NO_TOUCH,24891.25,NO_TOUCH,24914.0,NO_TOUCH,24831.25,0.6813186813186813,NO_TOUCH,24856.75,1.2417582417582418
2003,2025-10-02,sell,25072.75,25088.0,15.25,Swing_SL,LOSS,25057.5,LOSS,25049.875,LOSS,25042.25,LOSS,25034.625,LOSS,25047.875,1.6311475409836065,LOSS,25019.25,3.5081967213114753
2005,2025-10-06,buy,25106.0,25045.5,60.5,Swing_SL,NO_TOUCH,25166.5,NO_TOUCH,25196.75,NO_TOUCH,25227.0,NO_TOUCH,25257.25,WIN,25079.875,0.4318181818181818,WIN,25109.25,0.05371900826446281
2010,2025-10-13,sell,24869.75,24945.75,76.0,Swing_SL,NO_TOUCH,24793.75,NO_TOUCH,24755.75,NO_TOUCH,24717.75,NO_TOUCH,24679.75,NO_TOUCH,24805.875,0.8404605263157895,NO_TOUCH,24756.25,1.493421052631579
2011,2025-10-14,buy,24685.75,24598.5,87.25,Swing_SL,NO_TOUCH,24773.0,NO_TOUCH,24816.625,NO_TOUCH,24860.25,NO_TOUCH,24903.875,NO_TOUCH,24847.375,1.8524355300859598,NO_TOUCH,25044.25,4.108882521489972
2012,2025-10-15,sell,24894.75,24926.5,31.75,Swing_SL,LOSS,24863.0,LOSS,24847.125,LOSS,24831.25,LOSS,24815.375,LOSS,24830.25,2.031496062992126,LOSS,24740.5,4.858267716535433
2014,2025-10-17,buy,24553.0,24428.0,125.0,Swing_SL,NO_TOUCH,24678.0,NO_TOUCH,24740.5,NO_TOUCH,24803.0,NO_TOUCH,24865.5,NO_TOUCH,24726.0,1.384,NO_TOUCH,24835.75,2.262
2016,2025-10-21,buy,25277.75,25261.25,16.5,Swing_SL,LOSS,25294.25,LOSS,25302.5,LOSS,25310.75,LOSS,25319.0,LOSS,25321.875,2.6742424242424243,LOSS,25368.0,5.46969696969697
2019,2025-10-24,sell,25338.25,25368.5,30.25,Swing_SL,LOSS,25308.0,LOSS,25292.875,LOSS,25277.75,LOSS,25262.625,LOSS,25316.125,0.731404958677686,LOSS,25284.75,1.7685950413223142
2020,2025-10-27,sell,25786.5,25816.5,30.0,Swing_SL,LOSS,25756.5,LOSS,25741.5,LOSS,25726.5,LOSS,25711.5,LOSS,25748.25,1.275,LOSS,25706.75,2.658333333333333
2022,2025-10-29,sell,26271.5,26299.0,27.5,Swing_SL,WIN,26244.0,WIN,26230.25,NO_TOUCH,26216.5,NO_TOUCH,26202.75,NO_TOUCH,26214.875,2.059090909090909,NO_TOUCH,26166.0,3.8363636363636364
2029,2025-11-07,sell,25290.25,25354.75,64.5,Swing_SL,WIN,25225.75,WIN,25193.5,NO_TOUCH,25161.25,NO_TOUCH,25129.0,WIN,25251.375,0.6027131782945736,NO_TOUCH,25162.0,1.9883720930232558
22,2018-02-01,buy,8179.720583,8173.862863,5.857719999999972,Bougie_SL,LOSS,8185.578303,LOSS,8188.507163,LOSS,8191.436023,LOSS,8194.364883,WIN,8179.720583,0.0,LOSS,8186.456961,1.149999999999938
25,2018-02-06,sell,7547.37968,7564.367069,16.987388999999894,Bougie_SL,LOSS,7530.392291,LOSS,7521.8985965,LOSS,7513.404902,LOSS,7504.9112075,LOSS,7450.2879665,5.715517169825249,LOSS,7334.158662,12.551723987718272
27,2018-02-08,sell,7716.37491,7724.575718,8.200807999999597,Bougie_SL,WIN,7708.174102000001,WIN,7704.073698000001,LOSS,7699.973294000001,LOSS,7695.8728900000015,LOSS,7680.2034875,4.410714468623372,LOSS,7647.839583,8.357143222960941
28,2018-02-09,sell,7444.283803,7458.049446,13.765642999999727,Bougie_SL,LOSS,7430.5181600000005,LOSS,7423.6353385,LOSS,7416.752517000001,LOSS,7409.869695500001,LOSS,7413.823657999999,2.2127658693459886,LOSS,7367.254782,5.595744492284291
37,2018-02-22,sell,7876.583559,7887.713228,11.129668999999922,Bougie_SL,WIN,7865.45389,LOSS,7859.8890555,LOSS,7854.324221,LOSS,7848.7593865,WIN,7865.746777,0.9736841230408091,LOSS,7843.194554,2.9999998203001574
42,2018-03-01,sell,8062.859064,8073.988732,11.129667999999583,Bougie_SL,WIN,8051.729396000001,WIN,8046.164562000001,WIN,8040.599728000001,WIN,8035.034894000001,WIN,8036.792208999999,2.342105353008007,NO_TOUCH,8014.532872,4.342105442857977
63,2018-04-02,buy,7649.413132,7642.992657,6.420474999999897,Bougie_SL,LOSS,7655.833607,LOSS,7659.0438445,LOSS,7662.2540819999995,LOSS,7665.464319499999,LOSS,7662.8377635,2.0909093953329383,LOSS,7677.137914,4.318182377472177
66,2018-04-05,sell,7745.136588,7757.6857,12.549111999999695,Bougie_SL,WIN,7732.587476000001,WIN,7726.31292,WIN,7720.038364000001,WIN,7713.7638080000015,WIN,7712.304609999999,2.6162789845211254,NO_TOUCH,7682.39103,4.999999840626337
67,2018-04-06,sell,7637.4477,7643.576336,6.12863600000037,Bougie_SL,WIN,7631.319063999999,LOSS,7628.254745999999,LOSS,7625.190427999999,LOSS,7622.126109999999,LOSS,7602.8646835,5.642856991343208,LOSS,7570.616385,10.904761679433307
73,2018-04-16,buy,7775.487928,7766.440894,9.047033999999258,Bougie_SL,WIN,7784.534961999999,WIN,7789.058478999998,WIN,7793.581995999998,WIN,7798.105512999998,WIN,7786.7237605,1.2419354785227281,WIN,7808.757666,3.677419361970299
77,2018-04-20,buy,7899.228006,7888.138093,11.089913000000706,Bougie_SL,NO_TOUCH,7910.317919000001,NO_TOUCH,7915.862875500001,NO_TOUCH,7921.407832000002,NO_TOUCH,7926.9527885000025,NO_TOUCH,7911.923037,1.1447367531195674,NO_TOUCH,7926.660947,2.473684058657474
81,2018-04-26,buy,7685.309428,7677.429754,7.879673999999795,Bougie_SL,WIN,7693.189101999999,WIN,7697.128938999999,NO_TOUCH,7701.068775999999,NO_TOUCH,7705.008612999999,WIN,7696.691181,1.4444446559592272,NO_TOUCH,7719.162846,4.296296775729743
105,2018-05-30,sell,8119.275219,8130.656971,11.381752000000233,Bougie_SL,LOSS,8107.893467,LOSS,8102.202590999999,LOSS,8096.511715,LOSS,8090.820839,LOSS,8094.468835,2.1794873056450297,LOSS,8076.374767,3.7692309584674644
108,2018-06-04,sell,8297.00566,8302.550616,5.544955999999729,Bougie_SL,LOSS,8291.460704000001,LOSS,8288.688226000002,LOSS,8285.915748000001,LOSS,8283.14327,LOSS,8285.623907500001,2.0526317070865936,LOSS,8271.323757,4.631579222630776
112,2018-06-08,buy,8328.561675,8320.998717,7.562958000000435,Bougie_SL,LOSS,8336.124633000001,LOSS,8339.906112,LOSS,8343.687591000002,LOSS,8347.469070000003,LOSS,8342.7010745,1.8695594369291804,LOSS,8359.167538,4.046811181550539
116,2018-06-14,buy,8391.101517,8384.411208,6.6903089999996155,Bougie_SL,WIN,8397.791825999999,WIN,8401.1369805,WIN,8404.482134999998,NO_TOUCH,8407.827289499997,NO_TOUCH,8408.699937500001,2.6304346331392554,NO_TOUCH,8427.171007,5.391304048886793
119,2018-06-19,buy,8354.741144,8349.50525,5.235893999999462,Bougie_SL,LOSS,8359.977037999999,LOSS,8362.594985,LOSS,8365.212931999999,LOSS,8367.830878999997,LOSS,8392.992256500002,7.305555173577968,LOSS,8421.353348,12.722221649255653
124,2018-06-26,sell,8236.933534,8244.787375,7.853841000000102,Bougie_SL,WIN,8229.079693,WIN,8225.1527725,WIN,8221.225852,WIN,8217.2989315,WIN,8214.826427,2.81481468748852,LOSS,8191.846671,5.740740486088138
125,2018-06-27,buy,8210.463182,8198.246097,12.217085000000225,Bougie_SL,NO_DATA,8222.680267,NO_DATA,8228.7888095,NO_DATA,8234.897352,NO_DATA,8241.0058945,NO_DATA,8263.5493275,4.345238287201924,NO_DATA,8283.765695,6.000000245557692
126,2018-06-28,sell,8157.813362,8163.340138,5.5267759999997,Bougie_SL,WIN,8152.286586,LOSS,8149.523198000001,LOSS,8146.7598100000005,LOSS,8143.996422,WIN,8157.231595499999,0.10526326740967135,LOSS,8139.487733,3.3157900736344175
128,2018-07-02,buy,8157.231596,8135.706255,21.52534099999957,Bougie_SL,NO_TOUCH,8178.756936999999,NO_TOUCH,8189.5196074999985,NO_TOUCH,8200.282277999999,NO_TOUCH,8211.044948499999,NO_TOUCH,8213.3720125,2.608108113130541,NO_TOUCH,8247.114439,4.1756756838371585
139,2018-07-17,buy,8501.055286,8493.783211,7.272075000000768,Bougie_SL,WIN,8508.327361000001,WIN,8511.963398500002,WIN,8515.599436000002,NO_TOUCH,8519.235473500003,NO_TOUCH,8519.671796999999,2.55999986248717,NO_TOUCH,8539.160957,5.23999972497469
157,2018-08-10,buy,8660.16828,8654.641503,5.526776999999129,Bougie_SL,LOSS,8665.695056999999,LOSS,8668.458445499999,LOSS,8671.221833999998,LOSS,8673.985222499998,LOSS,8667.294912500001,1.2894735032737217,LOSS,8689.256578,5.263157532863215
175,2018-09-05,buy,8851.278402,8845.460742,5.817660000000615,Bougie_SL,WIN,8857.096062,LOSS,8860.004892,LOSS,8862.913722000001,LOSS,8865.822552000001,LOSS,8880.075817500001,4.949999742164038,LOSS,8893.165552,7.199999656218488
186,2018-09-20,buy,8727.23771,8722.020497,5.2172129999999015,Bougie_SL,LOSS,8732.454923,LOSS,8735.0635295,LOSS,8737.672136,LOSS,8740.2807425,WIN,8725.3537165,0.3611110951382795,LOSS,8736.22291,1.7222221902769077
201,2018-10-11,sell,8129.866839,8152.474762,22.607922999999573,Bougie_SL,WIN,8107.258916000001,WIN,8095.954954500001,WIN,8084.650993000001,WIN,8073.347031500001,WIN,8091.1725105,1.7115384062481722,NO_TOUCH,8029.290569,4.448717823393258
213,2018-10-29,buy,8007.262337,7995.668531,11.593805999999859,Bougie_SL,LOSS,8018.856143,LOSS,8024.653045999999,LOSS,8030.449949,LOSS,8036.246852,LOSS,8019.580757,1.0625000970345506,LOSS,8046.391434,3.3750001509427086
216,2018-11-01,buy,8086.10022,8074.506414,11.593805999999859,Bougie_SL,WIN,8097.694026,WIN,8103.490929,WIN,8109.287832,WIN,8115.084735,WIN,8103.0561625,1.4625001056598645,NO_TOUCH,8124.939472,3.35000016388063
217,2018-11-02,sell,8241.457225,8255.079948,13.622723000000406,Bougie_SL,LOSS,8227.834502,LOSS,8221.0231405,LOSS,8214.211779,LOSS,8207.4004175,LOSS,8179.140515999999,4.5744678945611446,LOSS,8123.780091,8.638297497497158
219,2018-11-06,buy,8044.362518,8038.565615,5.796902999999475,Bougie_SL,WIN,8050.159420999999,LOSS,8053.0578725,LOSS,8055.956323999999,LOSS,8058.854775499998,LOSS,8059.144620999999,2.5500000603770636,LOSS,8077.404866,5.700000155255823
224,2018-11-13,sell,7984.36457,7997.407602,13.043032000000494,Bougie_SL,WIN,7971.321537999999,WIN,7964.800021999999,WIN,7958.278505999999,NO_TOUCH,7951.756989999998,NO_TOUCH,7936.250274,3.6888889025188254,NO_TOUCH,7885.237526,7.600000061335132
225,2018-11-14,buy,7917.990029,7899.729784,18.260244999999486,Bougie_SL,NO_TOUCH,7936.250273999999,NO_TOUCH,7945.380396499999,NO_TOUCH,7954.510518999999,NO_TOUCH,7963.640641499998,NO_TOUCH,7962.046493,2.412698405744363,NO_TOUCH,7988.132557,3.8412698186690424
228,2018-11-19,sell,7995.378686,8002.045125,6.666438999999627,Bougie_SL,LOSS,7988.712247,LOSS,7985.379027500001,LOSS,7982.045808000001,LOSS,7978.7125885000005,LOSS,7969.0027765,3.956521540210756,LOSS,7955.669899,5.956521465208306
232,2018-11-23,sell,7587.566549,7595.682213,8.115663999999924,Bougie_SL,LOSS,7579.450885,LOSS,7575.393053,LOSS,7571.335221,LOSS,7567.277389000001,LOSS,7578.5813485,1.1071429891627267,LOSS,7557.132807,3.750000246437069
242,2018-12-07,buy,7882.049229,7873.353874,8.695354999999836,Bougie_SL,WIN,7890.744584,WIN,7895.0922615,LOSS,7899.439939,LOSS,7903.7876165,LOSS,7914.801732,3.7666665708300955,LOSS,7935.670583,6.166666455826231
243,2018-12-10,sell,7648.144187,7658.288767,10.144580000000133,Bougie_SL,WIN,7637.999607,WIN,7632.927317,LOSS,7627.855027,LOSS,7622.7827369999995,LOSS,7618.0002905,2.9714287333728318,LOSS,7598.580665,4.88571453919224
248,2018-12-17,buy,7654.886923,7647.38015,7.5067730000000665,Bougie_SL,LOSS,7662.393696,LOSS,7666.1470825,LOSS,7669.900469,LOSS,7673.653855500001,LOSS,7674.9531035,2.673076766807761,LOSS,7686.935067,4.269230466939661
253,2018-12-24,sell,7056.943619,7066.760168,9.816549000000123,Bougie_SL,WIN,7047.12707,WIN,7042.218795499999,WIN,7037.310520999999,NO_TOUCH,7032.4022465,NO_TOUCH,7024.462392,3.3088233960833793,NO_TOUCH,6994.579663,6.352940936779152
264,2019-01-10,buy,7568.847761,7561.052266,7.795495000000301,Bougie_SL,LOSS,7576.643256,LOSS,7580.5410035,LOSS,7584.438751000001,LOSS,7588.336498500001,LOSS,7586.604165000001,2.2777776138654406,LOSS,7605.226735,4.666666324588598
269,2019-01-17,buy,7654.598201,7644.49293,10.105270999999448,Bougie_SL,WIN,7664.703471999999,WIN,7669.756107499999,NO_TOUCH,7674.808742999999,NO_TOUCH,7679.861378499998,NO_TOUCH,7677.8403235,2.299999920833503,NO_TOUCH,7701.371168,4.628571267411081
281,2019-02-04,buy,7945.918719,7940.721723,5.196996000000581,Bougie_SL,WIN,7951.115715000001,WIN,7953.714213000001,WIN,7956.312711000001,WIN,7958.911209000002,WIN,7953.425492,1.444444636863147,NO_TOUCH,7965.263095,3.7222226070595106
318,2019-03-27,sell,8509.405262,8516.019534,6.614271999998891,Bougie_SL,WIN,8502.790990000001,WIN,8499.483854000002,WIN,8496.176718000002,WIN,8492.869582000003,WIN,8490.281386999999,2.891304591042573,NO_TOUCH,8471.445089,5.739130927788553
320,2019-03-29,sell,8471.157512,8479.20967,8.052158000000418,Bougie_SL,NO_TOUCH,8463.105354,NO_TOUCH,8459.079275,NO_TOUCH,8455.053195999999,NO_TOUCH,8451.027116999998,WIN,8474.1770715,0.3750000310476163,NO_TOUCH,8461.092315,1.2499999379047675
323,2019-04-03,sell,8700.356431,8705.532818,5.176386999999522,Bougie_SL,NO_TOUCH,8695.180044,NO_TOUCH,8692.5918505,NO_TOUCH,8690.003657000001,NO_TOUCH,8687.415463500001,NO_TOUCH,8674.0431295,5.083333510420054,NO_TOUCH,8642.553441,11.166667020840109
343,2019-05-02,sell,8936.169621,8941.633586,5.463965000000826,Bougie_SL,LOSS,8930.705655999998,LOSS,8927.973673499997,LOSS,8925.241690999997,LOSS,8922.509708499998,LOSS,8925.8168475,1.8947364230915298,LOSS,8913.738611,4.105262387294763
345,2019-05-06,sell,8845.582847,8854.210159,8.62731200000053,Bougie_SL,WIN,8836.955535,WIN,8832.641878999999,WIN,8828.328222999999,NO_TOUCH,8824.014566999998,WIN,8852.628485000001,0.8166666512119864,NO_TOUCH,8819.988488,2.966666674393743
346,2019-05-07,sell,8949.685743,8959.175786,9.490042999999787,Bougie_SL,WIN,8940.1957,WIN,8935.450678500001,WIN,8930.705657,WIN,8925.9606355,NO_TOUCH,8915.176496,3.636363607625459,NO_TOUCH,8897.634295,5.484848488041765
348,2019-05-09,buy,8716.173169,8708.696165,7.477004000000306,Bougie_SL,LOSS,8723.650173,LOSS,8727.388675,LOSS,8731.127177,LOSS,8734.865679,LOSS,8758.734574,5.69230737338092,LOSS,8790.655628,9.961537936852473
351,2019-05-14,sell,8464.255663,8470.007204,5.751540999999634,Bougie_SL,WIN,8458.504122,LOSS,8455.6283515,LOSS,8452.752581,LOSS,8449.876810500002,LOSS,8442.2560175,3.8250002042933264,LOSS,8403.86448,10.50000043466674
361,2019-05-28,buy,8433.484917,8424.857605,8.62731200000053,Bougie_SL,LOSS,8442.112229,LOSS,8446.425885,LOSS,8450.739541,LOSS,8455.053197000001,LOSS,8439.811612500002,0.7333333371971879,LOSS,8460.229584,3.099999976817716
362,2019-05-29,buy,8316.441053,8306.088279,10.352774000000863,Bougie_SL,WIN,8326.793827000001,LOSS,8331.970214,LOSS,8337.146601000002,LOSS,8342.322988000004,LOSS,8359.002457999999,4.111111186238105,LOSS,8386.897433,6.805555689711158
372,2019-06-12,buy,8618.972122,8610.34481,8.62731199999871,Bougie_SL,LOSS,8627.599433999998,LOSS,8631.913089999998,LOSS,8636.226745999997,LOSS,8640.540401999995,LOSS,8638.095997,2.216666674394527,LOSS,8662.971413,5.09999997681858
375,2019-06-17,buy,8627.921073,8617.604364,10.31670899999881,Bougie_SL,LOSS,8638.237781999998,LOSS,8643.396136499998,LOSS,8648.554490999997,LOSS,8653.712845499997,WIN,8630.462682000001,0.2463585044418712,LOSS,8644.829012,1.638888816191537
376,2019-06-18,buy,8672.913387,8660.304076,12.609311000000162,Bougie_SL,WIN,8685.522698,WIN,8691.8273535,WIN,8698.132009,WIN,8704.436664500001,WIN,8672.626811999999,0.02272725290080479,WIN,8683.803247,0.8636364032895356
395,2019-07-15,sell,9138.598169,9144.61625,6.018080999998347,Bougie_SL,WIN,9132.580088000002,WIN,9129.571047500003,WIN,9126.562007000004,WIN,9123.552966500005,NO_TOUCH,9118.6811895,3.3095233347652,NO_TOUCH,9103.062838,5.904761168886014
417,2019-08-14,buy,8860.047026,8846.004838,14.042187999999442,Bougie_SL,LOSS,8874.089214,LOSS,8881.110308,LOSS,8888.131401999999,LOSS,8895.152495999999,LOSS,8878.5311295,1.3163264514048503,LOSS,8903.893039,3.1224487950169912
418,2019-08-15,sell,8625.341895,8634.798879,9.456984000000375,Bougie_SL,LOSS,8615.884911,LOSS,8611.156418999999,LOSS,8606.427926999999,LOSS,8601.699434999999,LOSS,8612.3027215,1.3787877297877273,LOSS,8588.660263,3.8787875711747377
421,2019-08-20,sell,8861.479902,8868.357708,6.877806000000419,Bougie_SL,LOSS,8854.602095999999,LOSS,8851.163192999999,LOSS,8847.724289999998,LOSS,8844.285386999998,LOSS,8851.019905500001,1.5208333151585411,LOSS,8827.090872,4.999999999999471
424,2019-08-23,sell,8882.686471,8892.143454,9.456982999998218,Bougie_SL,LOSS,8873.229488000003,LOSS,8868.500996500003,LOSS,8863.772505000004,LOSS,8859.044013500006,LOSS,8864.059078999999,1.9696971010739532,LOSS,8835.688129,4.969697206816343
425,2019-08-26,sell,8638.237782,8669.474484,31.23670200000015,Bougie_SL,LOSS,8607.00108,LOSS,8591.382729,LOSS,8575.764378,LOSS,8560.146026999999,LOSS,8527.33316,3.5504587520154813,LOSS,8486.352899,4.862385376023368
427,2019-08-28,buy,8687.8153,8677.498591,10.316709000000628,Bougie_SL,LOSS,8698.132009,LOSS,8703.2903635,LOSS,8708.448718000001,LOSS,8713.607072500003,LOSS,8696.26927,0.8194444565607081,LOSS,8712.460772,2.3888889373538262
431,2019-09-03,buy,8732.234464,8723.923782,8.31068199999936,Bougie_SL,WIN,8740.545145999999,WIN,8744.700486999998,WIN,8748.855827999998,WIN,8753.011168999998,WIN,8762.03829,3.586207004431586,LOSS,8785.824036,6.448276086126854
432,2019-09-04,sell,8830.81635,8836.547855,5.731505000001562,Bougie_SL,NO_DATA,8825.084844999998,NO_DATA,8822.219092499996,NO_DATA,8819.353339999996,NO_DATA,8816.487587499996,NO_DATA,8768.7728085,10.824999978187641,NO_DATA,8723.923782,18.649999956376234
439,2019-09-13,sell,9099.050785,9107.361467,8.31068200000118,Bougie_SL,LOSS,9090.740102999998,LOSS,9086.584761999999,LOSS,9082.429420999997,LOSS,9078.274079999996,LOSS,9096.758183,0.27586207726384043,LOSS,9084.435447,1.758620772639061
446,2019-09-24,buy,9002.641496,8995.781252,6.860243999999511,Bougie_SL,WIN,9009.50174,WIN,9012.931862,NO_TOUCH,9016.361984,NO_TOUCH,9019.792105999999,WIN,9010.5021925,1.1458333697752534,NO_TOUCH,9022.936385,2.95833340621735
453,2019-10-03,sell,8656.199156,8667.06121,10.862053999999262,Bougie_SL,LOSS,8645.337102000001,LOSS,8639.906075000003,LOSS,8634.475048000002,LOSS,8629.044021000002,LOSS,8646.0517115,0.9342104633249878,LOSS,8627.614805,2.6315787971596603
455,2019-10-07,sell,8841.997441,8849.429372,7.431931000000986,Bougie_SL,WIN,8834.565509999999,WIN,8830.849544499997,NO_TOUCH,8827.133578999998,NO_TOUCH,8823.417613499998,WIN,8842.854971,0.11538454810748648,NO_TOUCH,8827.991108,1.8846155864468466
464,2019-10-18,buy,9071.243939,9060.381886,10.862053000000742,Bougie_SL,WIN,9082.105992,WIN,9087.537018500001,NO_TOUCH,9092.968045000001,NO_TOUCH,9098.399071500002,WIN,9077.818340000002,0.6052632039266631,NO_TOUCH,9094.968951,2.184210664411154
468,2019-10-24,sell,9055.236703,9063.526165,8.28946199999882,Bougie_SL,LOSS,9046.947241000002,LOSS,9042.802510000001,LOSS,9038.657779000003,LOSS,9034.513048000004,LOSS,9055.379624,0.017241287793920878,LOSS,9047.804771,0.8965517906955098
473,2019-10-31,sell,9272.19193,9297.34616,25.15422999999828,Bougie_SL,WIN,9247.037700000003,NO_TOUCH,9234.460585000004,NO_TOUCH,9221.883470000004,NO_TOUCH,9209.306355000004,WIN,9283.053984,0.4318181872392836,WIN,9273.049461,0.03409092625771936
489,2019-11-22,sell,9481.715227,9487.146253,5.431026000000202,Bougie_SL,LOSS,9476.284201,LOSS,9473.568688,LOSS,9470.853175,LOSS,9468.137662000001,LOSS,9480.5718525,0.21052642723515924,LOSS,9471.139017,1.9473686923982116
502,2019-12-11,sell,9574.042682,9579.473709,5.43102700000054,Bougie_SL,WIN,9568.611654999999,WIN,9565.896141499998,WIN,9563.180627999998,WIN,9560.465114499999,WIN,9555.4628535,3.4210525007513732,NO_TOUCH,9541.456521,5.99999981587203
516,2020-01-02,sell,10029.349124,10035.049561,5.700436999999511,Bougie_SL,LOSS,10023.648687,LOSS,10020.798468500001,LOSS,10017.948250000001,LOSS,10015.098031500002,LOSS,10012.5328335,2.950000236824348,LOSS,10001.416981,4.90000029822317
524,2020-01-14,buy,10338.597839,10330.617227,7.9806119999993825,Bougie_SL,WIN,10346.578451,WIN,10350.568757,WIN,10354.559062999999,WIN,10358.549368999998,WIN,10368.525134,3.750000000000228,NO_TOUCH,10385.911467,5.928571392770823
525,2020-01-15,sell,10316.651156,10322.636615,5.985458999999537,Bougie_SL,LOSS,10310.665697,LOSS,10307.6729675,LOSS,10304.680238,LOSS,10301.687508500001,LOSS,10309.3830985,1.2142857381530887,LOSS,10292.994342,3.952380928513882
549,2020-02-18,buy,10897.525702,10890.685177,6.840525000001435,Bougie_SL,WIN,10904.366227000002,WIN,10907.786489500002,NO_TOUCH,10911.206752000004,NO_TOUCH,10914.627014500005,NO_TOUCH,10922.465114,3.6458330318205823,NO_TOUCH,10940.27898,6.249999524888711
552,2020-02-21,buy,10920.32745,10914.912035,5.415415000001303,Bougie_SL,LOSS,10925.742865000002,LOSS,10928.450572500002,LOSS,10931.158280000003,LOSS,10933.865987500005,WIN,10919.8999175,0.07894731982678471,LOSS,10956.240204,6.631579297245068
558,2020-03-02,sell,9820.428102,9854.630725,34.20262300000104,Bougie_SL,LOSS,9786.225478999999,LOSS,9769.124167499998,LOSS,9752.022855999998,LOSS,9734.921544499997,LOSS,9639.724244,5.2833333279729295,LOSS,9517.449867,8.858333321394422
574,2020-03-24,sell,8294.03712,8317.42873,23.391609999998764,Bougie_SL,WIN,8270.645510000002,LOSS,8258.949705000003,LOSS,8247.253900000003,LOSS,8235.558095000004,LOSS,8156.682730500001,5.871951075621024,LOSS,8027.31572,11.40243873765061
580,2020-04-01,buy,8680.569203,8665.164972,15.404230999998617,Bougie_SL,NO_TOUCH,8695.973433999998,NO_TOUCH,8703.675549499996,NO_TOUCH,8711.377664999996,NO_TOUCH,8719.079780499997,NO_TOUCH,8739.618752999999,3.833333192679662,NO_TOUCH,8837.17888,10.166666352900995
581,2020-04-02,sell,8619.237544,8642.058626,22.821082000000388,Bougie_SL,LOSS,8596.416462,LOSS,8585.005921,LOSS,8573.595379999999,LOSS,8562.184838999998,LOSS,8562.612733499998,2.4812500345075823,LOSS,8511.978457,4.700000070110547
583,2020-04-06,sell,8932.456899,8951.569556,19.112656999999672,Bougie_SL,LOSS,8913.344242000001,LOSS,8903.7879135,LOSS,8894.231585000001,LOSS,8884.675256500002,LOSS,8840.602042999999,4.805969991508942,LOSS,8730.205057,10.582089240653717
586,2020-04-09,sell,9421.113325,9432.238603,11.125277999999525,Bougie_SL,WIN,9409.988047,WIN,9404.425408000001,WIN,9398.862769000001,WIN,9393.300130000001,WIN,9336.9605845,7.564102263332503,NO_TOUCH,9282.760514,12.435896972642531
590,2020-04-16,sell,9890.942358,9902.3529,11.410541999999623,Bougie_SL,LOSS,9879.531816,LOSS,9873.826545,LOSS,9868.121274000001,LOSS,9862.416003000002,LOSS,9766.282196,10.92499918058268,LOSS,9699.53053,16.77499876868308
592,2020-04-20,buy,10003.621453,9990.49933,13.122122999999192,Bougie_SL,WIN,10016.743575999999,LOSS,10023.304637499998,LOSS,10029.865698999998,LOSS,10036.426760499999,LOSS,10032.5757005,2.206521574291113,LOSS,10083.780504,6.108695292675239
596,2020-04-24,sell,9760.862189,9776.551683,15.689494000000195,Bougie_SL,LOSS,9745.172695,LOSS,9737.327947999998,LOSS,9729.483201,LOSS,9721.638454,LOSS,9735.331103,1.6272727469731485,LOSS,9696.963158,4.072727329510959
601,2020-05-01,buy,10001.624608,9994.49302,7.1315880000001926,Bougie_SL,LOSS,10008.756196,LOSS,10012.32199,LOSS,10015.887784,LOSS,10019.453578,LOSS,10068.946801,9.440000319704133,LOSS,10111.451067,15.40000053284022
603,2020-05-05,sell,10123.432135,10139.97742,16.54528500000015,Bougie_SL,WIN,10106.886849999999,WIN,10098.614207499999,WIN,10090.341564999999,WIN,10082.068922499999,WIN,10095.618941,1.681034445764955,NO_TOUCH,10062.100476,3.706896496494254
608,2020-05-12,sell,10574.719039,10582.706417,7.987377999999808,Bougie_SL,LOSS,10566.731661,LOSS,10562.737971999999,LOSS,10558.744283,LOSS,10554.750594000001,LOSS,10560.8837575,1.7321430762385566,LOSS,10525.083185,6.21428634027353
609,2020-05-13,sell,10363.90929,10379.313521,15.404231000000436,Bougie_SL,LOSS,10348.505059,LOSS,10340.802943499999,LOSS,10333.100827999999,LOSS,10325.398712499999,LOSS,10333.1008295,1.9999999026241226,LOSS,10266.634427,6.314814611647669
610,2020-05-14,sell,10253.227041,10263.496528,10.269486999999572,Bougie_SL,LOSS,10242.957554,LOSS,10237.822810500002,LOSS,10232.688067000001,LOSS,10227.5533235,LOSS,10247.9496655,0.5138889118804137,LOSS,10204.732241,4.722222249271304
611,2020-05-15,sell,10403.846184,10414.115672,10.26948799999991,Bougie_SL,LOSS,10393.576696,LOSS,10388.441952000001,LOSS,10383.307208,LOSS,10378.172464,LOSS,10369.8998245,3.305555203920589,LOSS,10329.10714,7.27777704204928
616,2020-05-22,buy,10575.004302,10563.023234,11.98106799999914,Bougie_SL,LOSS,10586.985369999999,LOSS,10592.975903999999,LOSS,10598.966437999998,LOSS,10604.956971999996,LOSS,10654.0222995,6.595238212487123,LOSS,10735.037142,13.357143119462416
626,2020-06-05,sell,11031.140686,11055.102822,23.9621360000001,Bougie_SL,NO_TOUCH,11007.17855,NO_TOUCH,10995.197482,NO_TOUCH,10983.216414,NO_TOUCH,10971.235346000001,NO_TOUCH,11010.1738165,0.875000020866251,NO_TOUCH,10966.671128,2.6904762580431236
627,2020-06-08,buy,11197.734587,11181.189302,16.54528500000015,Bougie_SL,WIN,11214.279872000001,WIN,11222.552514500001,NO_TOUCH,11230.825157000001,NO_TOUCH,11239.097799500001,NO_TOUCH,11238.38464,2.4568965116043042,NO_TOUCH,11264.486253,4.034482694012082
630,2020-06-11,buy,11390.28747,11382.300091,7.987379000000146,Bougie_SL,LOSS,11398.274849,LOSS,11402.2685385,LOSS,11406.262228,LOSS,11410.255917499999,LOSS,11454.757027,8.071428312090758,LOSS,11519.511848,16.17857096802323
634,2020-06-17,sell,11406.115658,11434.395284,28.279625999999553,Bougie_SL,NO_TOUCH,11377.836032000001,NO_TOUCH,11363.696219000001,NO_TOUCH,11349.556406000002,NO_TOUCH,11335.416593000002,NO_TOUCH,11369.409275,1.297979789407442,NO_TOUCH,11329.275059,2.7171716839537496
640,2020-06-25,buy,11390.97606,11358.982949,31.99311100000159,Bougie_SL,WIN,11422.969171000002,WIN,11438.965726500002,WIN,11454.962282000004,WIN,11470.958837500006,WIN,11410.543276,0.611607167555493,WIN,11462.389256,2.2321429135164745
641,2020-06-26,buy,11514.949369,11504.380216,10.56915300000037,Bougie_SL,WIN,11525.518522,WIN,11530.8030985,WIN,11536.087675,NO_TOUCH,11541.3722515,WIN,11532.6598415,1.675675666725632,NO_TOUCH,11554.655106,3.756756761870969
644,2020-07-01,sell,11579.506898,11594.932148,15.425250000000233,Bougie_SL,LOSS,11564.081648,LOSS,11556.369023,LOSS,11548.656398,LOSS,11540.943772999999,WIN,11574.507974,0.3240740992852277,LOSS,11545.799869,2.185185264420267
648,2020-07-07,buy,12080.541881,12066.259241,14.282639999999446,Bougie_SL,LOSS,12094.824520999999,LOSS,12101.965840999997,LOSS,12109.107160999998,LOSS,12116.248480999999,LOSS,12140.528965,4.199999719939917,LOSS,12185.376452,7.339999537900927
655,2020-07-16,buy,12098.823659,12091.396686,7.426972999999634,Bougie_SL,LOSS,12106.250632,LOSS,12109.9641185,LOSS,12113.677604999999,LOSS,12117.391091499998,LOSS,12124.9608885,3.519230445566638,LOSS,12166.237716,9.07692232084367
660,2020-07-23,sell,12449.319624,12465.030528,15.710903999999573,Bougie_SL,LOSS,12433.60872,LOSS,12425.753268,LOSS,12417.897816,LOSS,12410.042364,LOSS,12373.621637,4.818181499931615,LOSS,12347.055928,6.509090501730694
661,2020-07-24,buy,11916.862835,11894.867571,21.995263999999224,Bougie_SL,WIN,11938.858099,WIN,11949.855731,NO_TOUCH,11960.853362999998,NO_TOUCH,11971.850994999997,NO_TOUCH,12024.4111085,4.889610486148486,NO_TOUCH,12108.250201,8.701298879613702
664,2020-07-29,sell,12083.684061,12095.395825,11.711763999999675,Bougie_SL,LOSS,12071.972297,LOSS,12066.116415,LOSS,12060.260533,LOSS,12054.404651,LOSS,12050.119859,2.8658536835271353,LOSS,12011.413907,6.170731753133159
669,2020-08-05,sell,12708.406699,12717.833241,9.426542000001064,Bougie_SL,WIN,12698.980156999998,WIN,12694.266885999998,WIN,12689.553614999997,LOSS,12684.840343999997,LOSS,12660.9883375,5.030302893679677,LOSS,12632.423059,8.060605893443215
670,2020-08-06,sell,12673.271407,12678.984463,5.713056000000506,Bougie_SL,LOSS,12667.558351,LOSS,12664.701823,LOSS,12661.845295,LOSS,12658.988766999999,LOSS,12679.9842475,1.1749999474886499,LOSS,12646.991351,4.599999719939254
674,2020-08-12,sell,12504.736265,12519.018904,14.282639000000927,Bougie_SL,LOSS,12490.453625999999,LOSS,12483.312306499998,LOSS,12476.170986999998,LOSS,12469.029667499997,LOSS,12470.315104,2.410000070715081,LOSS,12429.895235,5.240000114824349
692,2020-09-07,buy,13063.758762,13035.193484,28.565278000000035,Bougie_SL,WIN,13092.32404,NO_TOUCH,13106.606679,NO_TOUCH,13120.889318,NO_TOUCH,13135.171956999999,WIN,13055.7604845,0.2799999880974006,NO_TOUCH,13117.175833,1.8700000399085837
696,2020-09-11,sell,12905.221467,12920.932371,15.710904000001392,Bougie_SL,LOSS,12889.510562999998,LOSS,12881.655110999996,LOSS,12873.799658999997,LOSS,12865.944206999997,LOSS,12839.8069795,4.16363612813078,LOSS,12774.392492,8.327272256261445
700,2020-09-17,buy,12695.985044,12668.817763,27.167281000000003,Bougie_SL,WIN,12723.152325,WIN,12736.7359655,WIN,12750.319606,WIN,12763.903246499998,WIN,12776.485985,2.963157814725744,NO_TOUCH,12895.30709,7.3368419165687255
703,2020-09-22,buy,12506.386024,12494.947169,11.43885500000033,Bougie_SL,WIN,12517.824879,WIN,12523.5443065,WIN,12529.263734,WIN,12534.9831615,WIN,12562.5793985,4.912499939897739,WIN,12637.074941,11.424999879795445
708,2020-09-29,buy,13003.69024,12981.384473,22.305766999999832,Bougie_SL,LOSS,13025.996007,LOSS,13037.1488905,LOSS,13048.301774,LOSS,13059.454657499999,LOSS,13066.4609565,2.8141025816328002,LOSS,13096.058994,4.1410256818338365
710,2020-10-01,sell,13135.237072,13162.690323,27.45325100000082,Bougie_SL,LOSS,13107.783820999999,LOSS,13094.057195499998,LOSS,13080.330569999998,LOSS,13066.603944499999,LOSS,13090.339566,1.6354167307907541,LOSS,13051.447459,3.052083449060241
712,2020-10-05,buy,12953.073307,12939.918624,13.15468300000066,Bougie_SL,WIN,12966.227990000001,WIN,12972.805331500002,WIN,12979.382673000002,NO_TOUCH,12985.960014500002,WIN,12970.8035325,1.3478261315760036,NO_TOUCH,13001.116498,3.6521739824514534
714,2020-10-07,sell,12962.796334,12973.949218,11.152883999999176,Bougie_SL,WIN,12951.643450000001,LOSS,12946.067008000002,LOSS,12940.490566000002,LOSS,12934.914124000003,LOSS,12911.321487,4.615384415367821,LOSS,12860.990525,9.12820477645144
719,2020-10-14,sell,13886.197895,13894.205094,8.007199000001492,Bougie_SL,LOSS,13878.190695999998,LOSS,13874.187096499998,LOSS,13870.183496999996,LOSS,13866.179897499995,LOSS,13882.0513105,0.5178570558815452,LOSS,13840.442476,5.7142852325751665
728,2020-10-27,sell,13186.425947,13199.294659,12.868711999999505,Bougie_SL,LOSS,13173.557235,LOSS,13167.122879,LOSS,13160.688523,LOSS,13154.254167000001,LOSS,13163.4052515,1.7888888569423502,LOSS,13135.523043,3.955555458852638
750,2020-11-26,sell,13948.253683,13954.259082,6.00539899999967,Bougie_SL,WIN,13942.248284000001,WIN,13939.2455845,WIN,13936.242885000001,WIN,13933.240185500003,WIN,13949.3975685,0.19047618651145945,WIN,13928.521658,3.285714238138422
751,2020-11-27,sell,13943.39217,13951.685339,8.29316900000049,Bougie_SL,LOSS,13935.099000999999,LOSS,13930.952416499998,LOSS,13926.805831999998,LOSS,13922.659247499998,LOSS,13917.3687745,3.1379314107787963,LOSS,13883.05221,7.275862821557812
753,2020-12-01,buy,14156.440842,14149.577529,6.863312999999835,Bougie_SL,LOSS,14163.304155,LOSS,14166.735811499999,LOSS,14170.167468,LOSS,14173.5991245,LOSS,14164.734012,1.2083333515462615,LOSS,14186.181865,4.33333333333351
765,2020-12-17,sell,14562.642856,14568.930945,6.2880889999996725,Bougie_SL,LOSS,14556.354767,LOSS,14553.2107225,LOSS,14550.066678000001,LOSS,14546.922633500002,LOSS,14512.338143,8.00000015903117,LOSS,14487.757431,11.90909114040916
766,2020-12-18,sell,14563.214501,14572.932457,9.717956000000413,Bougie_SL,NO_TOUCH,14553.496545,NO_TOUCH,14548.637567,NO_TOUCH,14543.778589,NO_TOUCH,14538.919611,NO_TOUCH,14546.4939,1.7205882595064421,NO_TOUCH,14527.772544,3.6470588053701216
775,2021-01-04,sell,14782.725977,14795.016333,12.29035599999952,Bougie_SL,LOSS,14770.435621,LOSS,14764.290443000002,LOSS,14758.145265000001,LOSS,14752.000087,LOSS,14707.554729,6.1162791378869334,LOSS,14672.112772,9.000000081364933
776,2021-01-05,buy,14524.914321,14510.62321,14.291111000000456,Bougie_SL,WIN,14539.205432,NO_TOUCH,14546.350987500002,NO_TOUCH,14553.496543000001,NO_TOUCH,14560.6420985,WIN,14513.767254,0.7800000293888645,NO_TOUCH,14551.209967,1.8400001231534517
777,2021-01-06,buy,14380.859915,14358.279958,22.579956999999922,Bougie_SL,LOSS,14403.439871999999,LOSS,14414.7298505,LOSS,14426.019828999999,LOSS,14437.309807499998,LOSS,14502.191454,5.373417628740441,LOSS,14625.237926,10.822784604948607
778,2021-01-07,buy,14529.487477,14508.622454,20.865023000000292,Bougie_SL,LOSS,14550.3525,LOSS,14560.7850115,LOSS,14571.217523000001,LOSS,14581.650034500002,WIN,14539.9199885,0.4999999999999564,LOSS,14568.645123,1.8767123333628297
788,2021-01-21,buy,15274.340221,15260.620753,13.719468000001143,Bougie_SL,LOSS,15288.059689000002,LOSS,15294.919423000003,LOSS,15301.779157000003,LOSS,15308.638891000002,LOSS,15283.343621,0.6562499362219331,LOSS,15310.925467,2.666666520888105
789,2021-01-22,buy,15255.190131,15248.330397,6.859733999999662,Bougie_SL,LOSS,15262.049864999999,LOSS,15265.479732,LOSS,15268.909598999999,LOSS,15272.339465999998,LOSS,15268.480865,1.9374999088887137,LOSS,15293.776133,5.6249997448883455
795,2021-02-01,sell,14865.042781,14885.907804,20.865023000000292,Bougie_SL,LOSS,14844.177758,LOSS,14833.745246499999,LOSS,14823.312735,LOSS,14812.8802235,LOSS,14747.1411085,5.650685000443013,LOSS,14651.247749,10.246575429128308
802,2021-02-10,sell,15720.508729,15728.225929,7.7172000000009575,Bougie_SL,WIN,15712.791528999998,WIN,15708.932928999999,WIN,15705.074328999997,NO_TOUCH,15701.215728999996,NO_TOUCH,15682.923105,4.870370600735332,NO_TOUCH,15643.90837,9.925926372258141
804,2021-02-12,buy,15672.776416,15667.345793,5.430623000000196,Bougie_SL,LOSS,15678.207039,LOSS,15680.9223505,LOSS,15683.637662000001,LOSS,15686.352973500001,LOSS,15683.2089275,1.9210524280545456,LOSS,15701.072817,5.210525753674778
808,2021-02-18,buy,15590.459612,15581.599123,8.860489000000598,Bougie_SL,WIN,15599.320101000001,WIN,15603.7503455,WIN,15608.180590000002,LOSS,15612.610834500003,LOSS,15622.6146135,3.629032381846778,LOSS,15683.066016,10.451613223603557
810,2021-02-22,buy,15348.939824,15337.221112,11.718711999999869,Bougie_SL,LOSS,15360.658535999999,LOSS,15366.517892,LOSS,15372.377247999999,LOSS,15378.236603999998,LOSS,15511.286853,13.853658064128744,LOSS,15581.884945,19.87804811655097
814,2021-02-26,sell,14623.522992,14655.24926,31.726268000000346,Bougie_SL,NO_DATA,14591.796724,NO_DATA,14575.93359,NO_DATA,14560.070456,NO_DATA,14544.207321999998,NO_DATA,14593.511658,0.9459459272045608,NO_DATA,14476.610364,4.630630618136316
816,2021-03-02,buy,15123.711903,15104.275991,19.435911999999007,Bougie_SL,LOSS,15143.147814999998,LOSS,15152.865770999997,LOSS,15162.583726999997,LOSS,15172.301682999998,LOSS,15165.441949,2.1470588053703223,LOSS,15231.466885,5.544117610740669
818,2021-03-04,sell,14481.469342,14504.049298,22.579955999999584,Bougie_SL,WIN,14458.889386,WIN,14447.599408000002,WIN,14436.309430000001,WIN,14425.019452,WIN,14392.4357155,3.943038086522497,NO_TOUCH,14303.973734,7.860759693243174
821,2021-03-09,sell,14290.254267,14316.549912,26.29564500000015,Bougie_SL,LOSS,14263.958622,LOSS,14250.8107995,LOSS,14237.662977,LOSS,14224.5151545,LOSS,14177.354484,4.293478368756504,LOSS,14092.179458,7.532608878770557
825,2021-03-15,buy,14785.584199,14745.569086,40.01511300000129,Bougie_SL,WIN,14825.599312000002,WIN,14845.606868500003,NO_TOUCH,14865.614425000003,NO_TOUCH,14885.621981500004,WIN,14812.737312,0.6785714437442075,NO_TOUCH,14873.617448,2.200000009996154
826,2021-03-16,sell,15036.839862,15053.142595,16.302732999998625,Bougie_SL,WIN,15020.537129000002,WIN,15012.385762500002,WIN,15004.234396000003,WIN,14996.083029500005,NO_TOUCH,14975.9466685,3.735152474128429,NO_TOUCH,14927.352028,6.715918981192333
832,2021-03-24,buy,14911.852244,14899.839704,12.012539999999717,Bougie_SL,WIN,14923.864784,WIN,14929.871054,WIN,14935.877324,WIN,14941.883593999999,WIN,14926.867919,1.2500000000000757,WIN,14956.756262,3.738095190526079
838,2021-04-01,sell,15063.153045,15071.73343,8.580385000001115,Bougie_SL,LOSS,15054.572659999998,LOSS,15050.282467499997,LOSS,15045.992274999997,LOSS,15041.702082499996,LOSS,15015.817917,5.516667142557432,LOSS,14991.935844,8.300000640995739
842,2021-04-07,sell,15541.652552,15552.235027,10.582475000001068,Bougie_SL,WIN,15531.070076999998,WIN,15525.778839499999,WIN,15520.487601999997,WIN,15515.196364499996,WIN,15528.352954,1.2567568550833583,NO_TOUCH,15500.180688,3.9189191564350496
847,2021-04-14,sell,15987.832606,15996.126979,8.294373000000633,Bougie_SL,LOSS,15979.538233,LOSS,15975.391046499999,LOSS,15971.243859999999,LOSS,15967.096673499998,WIN,15985.115484,0.32758618403100637,LOSS,15968.097719,2.37931028662432
852,2021-04-21,sell,15734.139203,15745.007692,10.86848899999859,Bougie_SL,LOSS,15723.270714000002,LOSS,15717.836469500002,LOSS,15712.402225000003,LOSS,15706.967980500005,LOSS,15713.8322905,1.8684209460949737,LOSS,15684.658979,4.552631373138183
853,2021-04-22,sell,15924.337752,15936.064279,11.726527000000715,Bougie_SL,WIN,15912.611224999999,WIN,15906.747961499997,NO_TOUCH,15900.884697999998,NO_TOUCH,15895.021434499999,NO_TOUCH,15901.59973,1.9390244016833083,NO_TOUCH,15877.145631,4.024390256381721
860,2021-05-03,sell,15892.590325,15897.738557,5.1482320000013715,Bougie_SL,WIN,15887.442092999998,WIN,15884.867976999998,WIN,15882.293860999996,WIN,15879.719744999995,WIN,15879.147721,2.611110765792269,WIN,15851.9765,7.888887874514537
863,2021-05-06,sell,15493.888405,15510.477151,16.588745999999446,Bougie_SL,LOSS,15477.299659,LOSS,15469.005286,LOSS,15460.710913,LOSS,15452.416540000002,LOSS,15433.396686,3.646551644108703,LOSS,15388.635674,6.344827451092687
864,2021-05-07,buy,15575.974094,15568.251747,7.72234699999899,Bougie_SL,WIN,15583.696440999998,WIN,15587.557614499998,WIN,15591.418787999997,WIN,15595.279961499997,WIN,15595.7089815,2.5555556490796483,NO_TOUCH,15628.886473,6.8518520341041596
873,2021-05-20,sell,15112.061243,15125.78986,13.728617000000668,Bougie_SL,WIN,15098.332626,WIN,15091.4683175,WIN,15084.604008999999,WIN,15077.739700499998,WIN,15112.490262,0.03124997951353896,WIN,15078.311726,2.4583333485083423
877,2021-05-26,buy,15674.934542,15656.915733,18.018809000001056,Bougie_SL,LOSS,15692.953351000002,LOSS,15701.962755500002,LOSS,15710.972160000003,LOSS,15719.981564500004,WIN,15678.9387225,0.2222222623036862,LOSS,15696.385507,1.1904762961857656
884,2021-06-04,sell,15479.587762,15487.310109,7.722347000000809,Bougie_SL,WIN,15471.865414999998,LOSS,15468.004241499999,LOSS,15464.143067999998,LOSS,15460.281894499996,LOSS,15445.123213,4.462963008525106,LOSS,15407.798535,9.29629644976997
885,2021-06-07,buy,15715.262355,15694.669429,20.59292600000117,Bougie_SL,LOSS,15735.855281000002,LOSS,15746.151744000003,LOSS,15756.448207000003,LOSS,15766.744670000004,LOSS,15729.849011,0.7083333373799655,LOSS,15751.585988,1.7638888713531
886,2021-06-08,buy,15795.345955,15786.193543,9.152412000001277,Bougie_SL,WIN,15804.498367000002,WIN,15809.074573000002,WIN,15813.650779000003,WIN,15818.226985000005,WIN,15836.245792500002,4.46874960392903,NO_TOUCH,15862.844988,7.374999399064491
887,2021-06-09,sell,15814.794829,15822.231163,7.436333999999988,Bougie_SL,WIN,15807.358495,LOSS,15803.640328000001,LOSS,15799.922161,LOSS,15796.203994,WIN,15810.6476425,0.5576923387250119,LOSS,15794.773929,2.692307795749836
888,2021-06-10,buy,15789.053672,15777.89917,11.154501999999411,Bougie_SL,LOSS,15800.208174,LOSS,15805.785424999998,LOSS,15811.362675999999,LOSS,15816.939927,LOSS,15818.369989,2.628204916723513,LOSS,15833.099651,3.94871765678134
900,2021-06-28,sell,16436.55615,16453.727945,17.171794999998383,Bougie_SL,LOSS,16419.384355000002,LOSS,16410.7984575,LOSS,16402.212560000004,LOSS,16393.626662500006,LOSS,16426.682367499998,0.5750000218383396,LOSS,16408.508884,1.6333333818627604
901,2021-06-29,sell,16583.374998,16591.388503,8.013504999998986,Bougie_SL,WIN,16575.361493,WIN,16571.3547405,WIN,16567.347988,LOSS,16563.341235500004,WIN,16578.5096565,0.6071427546375039,WIN,16566.203203,2.1428569645867266
903,2021-07-01,sell,16657.213718,16675.530299,18.316580999999132,Bougie_SL,WIN,16638.897137,NO_TOUCH,16629.7388465,NO_TOUCH,16620.580556,NO_TOUCH,16611.4222655,WIN,16667.9460895,0.5859374901900389,WIN,16649.200213,0.43750004435868056
905,2021-07-05,buy,16816.911413,16810.615088,6.29632500000298,Bougie_SL,WIN,16823.207738000005,WIN,16826.355900500006,WIN,16829.504063000008,WIN,16832.65222550001,NO_TOUCH,16833.9401095,2.7045453498651497,NO_TOUCH,16849.82402,5.22727257566641
906,2021-07-06,buy,16821.490558,16812.904661,8.585897000000841,Bougie_SL,WIN,16830.076455000002,WIN,16834.3694035,WIN,16838.662352000003,NO_TOUCH,16842.955300500005,WIN,16831.221242,1.1333334187444057,NO_TOUCH,16855.834148,4.000000232939789
909,2021-07-09,sell,16843.813892,16852.685986,8.872094000002107,Bougie_SL,LOSS,16834.941797999996,LOSS,16830.505750999997,LOSS,16826.069703999994,LOSS,16821.63365699999,LOSS,16803.889468,4.500000112711565,LOSS,16760.530685,9.387097003252782
912,2021-07-14,sell,17025.834921,17034.420818,8.585896999997203,Bougie_SL,WIN,17017.249024000004,WIN,17012.956075500006,WIN,17008.663127000007,LOSS,17004.37017850001,WIN,17017.821416,0.9333334653333524,LOSS,16992.922313,3.8333336633333808
914,2021-07-16,sell,16927.383295,16944.268894,16.885599000001093,Bougie_SL,LOSS,16910.497696,LOSS,16902.054896499998,LOSS,16893.612096999997,LOSS,16885.169297499997,LOSS,16903.199683500003,1.4322033526909734,LOSS,16869.571585,3.4237287051525023
915,2021-07-19,sell,16737.348762,16764.823634,27.474871999998868,Bougie_SL,NO_TOUCH,16709.873890000003,NO_TOUCH,16696.136454000003,NO_TOUCH,16682.399018000004,NO_TOUCH,16668.661582000004,WIN,16756.8101295,0.7083333272672154,WIN,16729.049061,0.3020833363664171
918,2021-07-22,sell,17012.383681,17022.400562,10.016880999999557,Bougie_SL,WIN,17002.3668,WIN,16997.358359500002,NO_TOUCH,16992.349919,NO_TOUCH,16987.3414785,WIN,16992.493018499998,1.9857141659167818,NO_TOUCH,16978.040091,3.4285712289086714
921,2021-07-27,buy,17283.125652,17274.539754,8.585897999997542,Bougie_SL,NO_TOUCH,17291.711549999996,NO_TOUCH,17296.004498999995,NO_TOUCH,17300.297447999994,NO_TOUCH,17304.590396999993,NO_TOUCH,17289.99437,0.7999999534123865,NO_TOUCH,17306.307575,2.6999998136486987
923,2021-07-29,sell,17179.522488,17192.401334,12.878845999999612,Bougie_SL,WIN,17166.643642,WIN,17160.204219,NO_TOUCH,17153.764796,NO_TOUCH,17147.325373,NO_TOUCH,17136.0206065,3.3777779080518253,NO_TOUCH,17108.259538,5.533333498979832
939,2021-08-20,buy,17064.185263,17055.313169,8.87209399999847,Bougie_SL,LOSS,17073.057356999998,LOSS,17077.493403999997,LOSS,17081.929450999996,LOSS,17086.365497999996,LOSS,17085.506909,2.403225890077811,LOSS,17122.569367,6.58064533581483
942,2021-08-25,sell,17589.928392,17601.090059,11.161666999996669,Bougie_SL,LOSS,17578.766725000005,LOSS,17573.185891500005,LOSS,17567.60505800001,LOSS,17562.02422450001,LOSS,17581.1993965,0.7820512384040914,LOSS,17568.463648,1.9230769024024097
944,2021-08-27,sell,17536.982024,17545.854118,8.87209399999847,Bougie_SL,LOSS,17528.109930000002,LOSS,17523.673883000003,LOSS,17519.237836000004,LOSS,17514.801789000005,LOSS,17514.3724935,2.5483871676749152,LOSS,17475.735954,6.903226002791632
952,2021-09-08,buy,17928.212757,17921.344039,6.868718000001536,Bougie_SL,NO_TOUCH,17935.081475000003,NO_TOUCH,17938.515834000005,NO_TOUCH,17941.950193000004,NO_TOUCH,17945.384552000003,NO_TOUCH,17946.243142,2.6250000363960453,NO_TOUCH,17962.842544,5.041666727326742
953,2021-09-09,buy,17843.784764,17820.889038,22.89572599999883,Bougie_SL,NO_TOUCH,17866.68049,NO_TOUCH,17878.128353,NO_TOUCH,17889.576215999998,NO_TOUCH,17901.024078999995,WIN,17838.060833,0.24999997816189537,NO_TOUCH,17869.256261,1.112500079709197
955,2021-09-13,sell,17734.486698,17741.073057,6.586359000000812,Bougie_SL,WIN,17727.900339,LOSS,17724.6071595,LOSS,17721.31398,LOSS,17718.0208005,LOSS,17693.091167,6.285040186846304,LOSS,17646.573127,13.34782555885431
956,2021-09-14,buy,17654.877667,17644.28222,10.595446999999695,Bougie_SL,WIN,17665.473114,WIN,17670.7708375,WIN,17676.068561,WIN,17681.3662845,NO_TOUCH,17695.398091000003,3.8243241648986834,NO_TOUCH,17711.863988,5.37837818451661
970,2021-10-04,buy,16804.951031,16795.214675,9.736356000001251,Bougie_SL,WIN,16814.687387,WIN,16819.555565000002,WIN,16824.423743000003,WIN,16829.291921000004,LOSS,16901.3123225,9.897059176964037,LOSS,16973.90545,17.35294179875676
971,2021-10-05,sell,16621.678442,16640.578427,18.899985000000015,Bougie_SL,WIN,16602.778457,WIN,16593.328464500002,WIN,16583.878472,WIN,16574.4284795,LOSS,16568.987572,2.7878789321791597,LOSS,16506.560346,6.090909384319716
977,2021-10-13,buy,16734.50563,16724.196547,10.3090830000001,Bougie_SL,WIN,16744.814713,WIN,16749.9692545,WIN,16755.123796,WIN,16760.2783375,WIN,16748.823801,1.3888889050557498,WIN,16776.028326,4.027777834362143
978,2021-10-14,sell,17018.578144,17033.182678,14.604534000001877,Bougie_SL,LOSS,17003.973609999997,LOSS,16996.671342999995,LOSS,16989.369075999995,LOSS,16982.066808999996,LOSS,16983.784988500003,2.382353007633893,LOSS,16955.291828,4.333333470276406
980,2021-10-18,buy,17280.600675,17246.237064,34.363611000000674,Bougie_SL,NO_TOUCH,17314.964286000002,NO_TOUCH,17332.146091500003,NO_TOUCH,17349.327897000003,NO_TOUCH,17366.509702500003,NO_TOUCH,17298.64157,0.5249999774470128,NO_TOUCH,17323.841551,1.2583332991401572
983,2021-10-21,buy,17587.009536,17581.854994,5.15454200000022,Bougie_SL,LOSS,17592.164078,LOSS,17594.741349000004,LOSS,17597.318620000002,LOSS,17599.895891,LOSS,17568.6822765,3.5555553723300526,LOSS,17602.186797,2.944444142660287
994,2021-11-05,buy,18702.96779,18689.795072,13.172717999997985,Bougie_SL,WIN,18716.140507999997,WIN,18722.726866999998,WIN,18729.313225999995,WIN,18735.899584999992,WIN,18704.542788500003,0.11956518768595051,WIN,18724.158683,1.6086955630573683
1002,2021-11-17,sell,18675.190538,18685.785984,10.595445999999356,Bougie_SL,LOSS,18664.595092,LOSS,18659.297369,LOSS,18653.999646,LOSS,18648.701923,LOSS,18662.590547,1.189189298874243,LOSS,18640.2542,3.297297537074102
1003,2021-11-18,sell,18757.37684,18763.390472,6.013631999998324,Bougie_SL,LOSS,18751.363208000002,LOSS,18748.356392,LOSS,18745.349576000004,LOSS,18742.342760000007,LOSS,18720.2927765,6.166666583524327,LOSS,18703.540516,8.952380857361222
1005,2021-11-22,sell,19038.872083,19044.026625,5.15454200000022,Bougie_SL,WIN,19033.717540999998,LOSS,19031.140269999996,LOSS,19028.562998999998,LOSS,19025.985728,WIN,19036.581176,0.44444433666436306,LOSS,19021.690278,3.333333009993795
1006,2021-11-23,buy,18688.649619,18668.604179,20.045439999998052,Bougie_SL,LOSS,18708.695058999998,LOSS,18718.717779,LOSS,18728.740498999996,LOSS,18738.763218999993,LOSS,18744.490486,2.7857142073211865,LOSS,18796.035902,5.357142721736727
1013,2021-12-02,buy,18265.690845,18227.60451,38.08633499999996,Bougie_SL,WIN,18303.77718,LOSS,18322.8203475,LOSS,18341.863515,LOSS,18360.9066825,WIN,18269.986296,0.11278194659575784,WIN,18313.513536,1.255639089452887
1023,2021-12-16,sell,18753.654115,18773.699555,20.045439999998052,Bougie_SL,LOSS,18733.608675000003,LOSS,18723.585955000002,LOSS,18713.563235000005,LOSS,18703.540515000008,LOSS,18702.9677895,2.528571360868481,LOSS,18644.836015,5.428571286038669
1025,2021-12-20,buy,17846.168432,17829.845717,16.322714999998425,Bougie_SL,LOSS,17862.491146999997,LOSS,17870.652504499994,LOSS,17878.813861999995,LOSS,17886.975219499996,LOSS,17923.6297375,4.745614041537108,LOSS,18021.422846,10.736842124610988
1027,2021-12-22,buy,18252.804491,18233.045415,19.75907599999846,Bougie_SL,WIN,18272.563566999997,WIN,18282.443105,NO_TOUCH,18292.322642999996,NO_TOUCH,18302.202180999993,WIN,18268.984024,0.8188405672412783,NO_TOUCH,18300.627182,2.4202898455375617
1028,2021-12-23,buy,18533.440644,18525.708832,7.731811999998172,Bougie_SL,LOSS,18541.172455999997,LOSS,18545.038361999996,LOSS,18548.904267999995,LOSS,18552.770173999994,WIN,18529.2883745,0.5370370490125074,LOSS,18544.895181,1.4814815724960908
1029,2021-12-27,buy,18704.68597,18694.090524,10.595445999999356,Bougie_SL,LOSS,18715.281415999998,LOSS,18720.579138999998,LOSS,18725.876861999997,LOSS,18731.174584999997,WIN,18707.120059,0.22972973483157574,LOSS,18727.881407,2.1891892988745862
1031,2021-12-29,sell,18953.822147,18960.408506,6.586359000000812,Bougie_SL,LOSS,18947.235787999998,LOSS,18943.942608499998,LOSS,18940.649428999997,LOSS,18937.356249499997,LOSS,18930.053983,3.6086954871415924,LOSS,18897.98128,8.478260447083448
1038,2022-01-07,buy,18016.268305,17989.350143,26.918162000001757,Bougie_SL,WIN,18043.186467000003,WIN,18056.645548000004,WIN,18070.104629000005,WIN,18083.563710000006,WIN,18105.613692,3.319148870565224,NO_TOUCH,18158.590925,5.2872339500739205
1042,2022-01-13,sell,18195.81817,18208.990887,13.172717000001285,Bougie_SL,WIN,18182.645452999997,WIN,18176.059094499997,LOSS,18169.472735999996,LOSS,18162.886377499995,LOSS,18164.8909205,2.347826154618961,LOSS,18121.077317,5.673913210159457
1043,2022-01-14,sell,17746.513962,17766.273038,19.75907599999846,Bougie_SL,LOSS,17726.754886000002,LOSS,17716.875348,LOSS,17706.995810000004,LOSS,17697.116272000007,LOSS,17723.318524000002,1.1739130918875276,LOSS,17656.02312,4.5797102050726615
1048,2022-01-21,sell,16880.837338,16892.291875,11.4545369999978,Bougie_SL,LOSS,16869.382801000003,LOSS,16863.655532500004,LOSS,16857.928264000006,LOSS,16852.200995500007,LOSS,16807.0987575,6.437499874505223,LOSS,16726.201091,13.499999781748656
1050,2022-01-25,buy,16318.133215,16290.069599,28.063615999999456,Bougie_SL,WIN,16346.196831,WIN,16360.228638999999,LOSS,16374.260446999999,LOSS,16388.292255,LOSS,16363.092272000002,1.6020407705123503,LOSS,16458.451291,4.999999857466839
1055,2022-02-01,sell,17083.869004,17110.214439,26.34543499999927,Bougie_SL,WIN,17057.523569,WIN,17044.3508515,WIN,17031.178134,WIN,17018.005416500004,WIN,17018.1485985,2.4945652064580455,NO_TOUCH,16973.332723,4.195652149983618
1073,2022-02-25,buy,15853.365382,15833.033579,20.331802999999127,Bougie_SL,WIN,15873.697184999999,WIN,15883.863086499998,WIN,15894.028987999998,WIN,15904.194889499999,WIN,15879.424453,1.2816901186776597,WIN,15943.856223,4.450704199721225
1076,2022-03-02,buy,16050.097052,16010.865263,39.23178899999948,Bougie_SL,WIN,16089.328840999999,WIN,16108.944735499997,WIN,16128.560629999998,WIN,16148.176524499999,WIN,16074.867488,0.6313868582439875,WIN,16145.169708,2.4233576500934366
1078,2022-03-04,sell,16023.465254,16058.115228,34.64997399999993,Bougie_SL,WIN,15988.81528,WIN,15971.490293,WIN,15954.165306,WIN,15936.840319,NO_TOUCH,15886.153993,3.9628099288040164,NO_TOUCH,15744.547281,8.049586790454793
1082,2022-03-10,buy,15691.570048,15656.060984,35.50906399999985,Bougie_SL,LOSS,15727.079112,LOSS,15744.833643999998,LOSS,15762.588176,LOSS,15780.342708,LOSS,15711.472306,0.5604838809606515,LOSS,15766.024538,2.096774220801776
1083,2022-03-11,sell,15551.824699,15593.920122,42.095422999998846,Bougie_SL,LOSS,15509.729276000002,LOSS,15488.681564500002,LOSS,15467.633853000003,LOSS,15446.586141500004,LOSS,15494.265651,1.36734694410845,LOSS,15410.933895,3.3469387871456817
1085,2022-03-15,buy,14931.847891,14898.343371,33.50451999999859,Bougie_SL,LOSS,14965.352410999998,LOSS,14982.104670999997,LOSS,14998.856930999997,LOSS,15015.609190999996,LOSS,15002.150111,2.098290618698741,LOSS,15055.270526,3.6837607284033913
1086,2022-03-16,sell,15570.151958,15582.751948,12.599989999998797,Bougie_SL,LOSS,15557.551968000002,LOSS,15551.251973000002,LOSS,15544.951978000003,LOSS,15538.651983000003,LOSS,15470.6406685,7.897727656927482,LOSS,15368.838472,15.977273474028165
1087,2022-03-17,sell,16012.583444,16049.810689,37.22724500000004,Bougie_SL,WIN,15975.356199,WIN,15956.7425765,WIN,15938.128954,WIN,15919.515331499999,WIN,15975.928926,0.9846153804827441,WIN,15921.806239,2.4384615353620775
1092,2022-03-24,sell,16625.401166,16664.060228,38.65906199999881,Bougie_SL,LOSS,16586.742104,LOSS,16567.412573,LOSS,16548.083042000002,LOSS,16528.753511000003,LOSS,16605.0693635,0.5259259135672097,LOSS,16549.801223,1.955555543484304
1094,2022-03-28,sell,16845.901001,16861.650989,15.749988000003214,Bougie_SL,WIN,16830.151012999995,WIN,16822.276018999994,LOSS,16814.401024999992,LOSS,16806.52603099999,WIN,16834.0169185,0.7545454955263836,LOSS,16797.505582,3.0727273569977887
1095,2022-03-29,sell,17191.828014,17197.268919,5.440904999999475,Bougie_SL,WIN,17186.387109,WIN,17183.666656499998,LOSS,17180.946204,LOSS,17178.225751500002,LOSS,17172.498483000003,3.5526315934569035,LOSS,17131.978059,11.000000000000668
1097,2022-03-31,sell,17349.041532,17363.646067,14.604535000002215,Bougie_SL,WIN,17334.436996999997,WIN,17327.134729499994,NO_TOUCH,17319.832461999995,NO_TOUCH,17312.530194499996,WIN,17334.866543,0.970588176891427,NO_TOUCH,17296.350663,3.6078429748013345
1098,2022-04-01,sell,17096.182631,17112.218983,16.03635199999917,Bougie_SL,LOSS,17080.146279,LOSS,17072.128103000003,LOSS,17064.109927,LOSS,17056.091751,LOSS,17075.421283,1.2946428215095973,LOSS,17039.19631,3.553571348396647
1100,2022-04-05,sell,17372.523333,17380.827872,8.30453900000066,Bougie_SL,WIN,17364.218794,WIN,17360.0665245,WIN,17355.914255,WIN,17351.7619855,WIN,17358.9210705,1.6379310760054744,WIN,17347.323352,3.0344828292093724
1103,2022-04-08,sell,16714.173827,16729.351088,15.177261000000726,Bougie_SL,WIN,16698.996565999998,WIN,16691.4079355,WIN,16683.819304999997,WIN,16676.230674499995,NO_TOUCH,16662.9147745,3.3773585695070625,NO_TOUCH,16629.410254,5.58490580085538
1104,2022-04-11,buy,16379.987714,16299.519592,80.46812200000022,Bougie_SL,LOSS,16460.455836,LOSS,16500.689897,LOSS,16540.923958,LOSS,16581.158019000002,WIN,16328.1559345,0.6441281119994341,LOSS,16394.878612,0.18505338051756212
1110,2022-04-20,sell,16135.719715,16160.919696,25.19998100000157,Bougie_SL,LOSS,16110.519733999998,LOSS,16097.919743499997,LOSS,16085.319752999996,LOSS,16072.719762499995,WIN,16132.426536,0.13068180487906766,LOSS,16084.747026,2.0227272790402897
1112,2022-04-22,sell,15673.815516,15680.688238,6.872722000000067,Bougie_SL,WIN,15666.942794,WIN,15663.506433,WIN,15660.070072,WIN,15656.633711,WIN,15665.2246135,1.25,NO_TOUCH,15592.201941,11.875000181878509
1114,2022-04-26,buy,15460.188404,15451.883865,8.30453900000066,Bougie_SL,WIN,15468.492943000001,WIN,15472.645212500001,WIN,15476.797482000002,WIN,15480.949751500002,NO_TOUCH,15516.029271,6.724138088820409,NO_TOUCH,15559.556511,11.965517532037882
1120,2022-05-04,buy,15038.661447,15019.188735,19.472712000000683,Bougie_SL,LOSS,15058.134159000001,LOSS,15067.870515000002,LOSS,15077.606871000002,LOSS,15087.343227000001,WIN,15024.6296395,0.7205882519085717,LOSS,15057.561433,0.9705882775855613
1122,2022-05-06,buy,14665.243545,14628.875391,36.36815399999978,Bougie_SL,WIN,14701.611699,WIN,14719.795775999999,WIN,14737.979852999999,LOSS,14756.163929999999,WIN,14702.613972,1.0275590836972386,LOSS,14764.325289,2.7244094929866827
1123,2022-05-09,sell,14393.771022,14418.971003,25.199980999999752,Bougie_SL,WIN,14368.571041000001,WIN,14355.9710505,WIN,14343.371060000001,WIN,14330.771069500002,WIN,14383.0323935,0.4261363728806481,WIN,14328.480162,2.5909090963204147
1127,2022-05-13,sell,13896.071395,13912.966837,16.895441999999093,Bougie_SL,LOSS,13879.175953000002,LOSS,13870.728232000001,LOSS,13862.280511000003,LOSS,13853.832790000004,LOSS,13833.930533,3.6779660455171004,LOSS,13753.176048,8.457627033374395
1128,2022-05-16,buy,14063.02127,14024.075845,38.94542499999989,Bougie_SL,WIN,14101.966695,WIN,14121.439407499998,WIN,14140.912119999999,NO_TOUCH,14160.3848325,WIN,14150.9348405,2.257352962511028,NO_TOUCH,14285.812012,5.720588284760064
1133,2022-05-23,sell,13695.903363,13751.744231,55.84086800000114,Bougie_SL,WIN,13640.062494999998,WIN,13612.142060999999,NO_TOUCH,13584.221626999997,NO_TOUCH,13556.301192999996,WIN,13717.810165,0.39230769120567555,WIN,13662.97157,0.5897435727539027
1134,2022-05-24,buy,13519.217132,13496.880785,22.336347000000387,Bougie_SL,LOSS,13541.553479,LOSS,13552.7216525,LOSS,13563.889826,LOSS,13575.0579995,LOSS,13572.9102735,2.4038461392097363,LOSS,13628.607959,4.897435869885044
1141,2022-06-02,sell,14428.134632,14450.757343,22.62271099999998,Bougie_SL,LOSS,14405.511921,LOSS,14394.2005655,LOSS,14382.88921,LOSS,14371.5778545,LOSS,14366.423315,2.7278480019481033,LOSS,14311.298356,5.164556803117014
1145,2022-06-08,buy,14491.993675,14485.69368,6.299994999999399,Bougie_SL,LOSS,14498.29367,LOSS,14501.4436675,LOSS,14504.593664999999,LOSS,14507.743662499997,LOSS,14517.7663835,4.090909357865054,LOSS,14560.14817,10.818182395383994
1147,2022-06-10,buy,14104.830329,14081.921256,22.909073000000717,Bougie_SL,LOSS,14127.739402000001,LOSS,14139.1939385,LOSS,14150.648475000002,LOSS,14162.103011500003,WIN,14088.793978,0.6999999956349237,LOSS,14131.462128,1.1625000714781446
1149,2022-06-14,sell,13093.263692,13107.262905,13.999212999999145,Bougie_SL,LOSS,13079.264479000001,LOSS,13072.264872500002,LOSS,13065.265266000002,LOSS,13058.265659500003,LOSS,13069.5507395,1.6938775415447624,LOSS,12976.698818,8.326530498536368
1159,2022-06-28,sell,13843.221518,13863.791789,20.570271000000503,Bougie_SL,WIN,13822.651247,WIN,13812.3661115,WIN,13802.080976,WIN,13791.795840499999,NO_TOUCH,13751.6552385,4.451389070177953,NO_TOUCH,13680.373533,7.916666970503031
1172,2022-07-15,buy,13490.669915,13481.527572,9.142342999999528,Bougie_SL,LOSS,13499.812258,LOSS,13504.3834295,LOSS,13508.954601,LOSS,13513.5257725,LOSS,13525.5250975,3.8124999794911765,LOSS,13562.665866,7.87499998632765
1175,2022-07-20,buy,14076.351265,14062.923448,13.427816999999777,Bougie_SL,NO_TOUCH,14089.779082,NO_TOUCH,14096.492990499999,NO_TOUCH,14103.206898999999,NO_TOUCH,14109.920807499999,NO_TOUCH,14088.779137,0.9255318269529896,NO_TOUCH,14123.205772,3.489361450189617
1177,2022-07-22,sell,14328.051396,14341.76491,13.713513999999122,Bougie_SL,LOSS,14314.337882000002,LOSS,14307.481125000002,LOSS,14300.624368000003,LOSS,14293.767611000003,LOSS,14338.1936825,0.7395833409291914,LOSS,14311.480899,1.2083334001774946
1179,2022-07-26,sell,14071.780093,14078.63685,6.85675700000138,Bougie_SL,LOSS,14064.923335999998,LOSS,14061.494957499997,LOSS,14058.066578999997,LOSS,14054.638200499996,LOSS,14054.6382,2.500000072920264,LOSS,14030.068153,6.083333564247768
1182,2022-07-29,sell,14746.884985,14773.45492,26.569934999999532,Bougie_SL,WIN,14720.315050000001,WIN,14707.030082500001,WIN,14693.745115000002,NO_TOUCH,14680.460147500002,WIN,14744.599399,0.08602151266083288,WIN,14718.600861,1.0645161156773733
1183,2022-08-01,sell,14782.311564,14788.882623,6.571058999999877,Bougie_SL,WIN,14775.740505,WIN,14772.4549755,WIN,14769.169446,WIN,14765.883916499999,WIN,14764.741124,2.6739129872368874,LOSS,14745.456494,5.608695645557329
1188,2022-08-08,sell,15180.574882,15196.573982,15.999099999999089,Bougie_SL,WIN,15164.575782000002,NO_TOUCH,15156.576232000003,NO_TOUCH,15148.576682000003,NO_TOUCH,15140.577132000002,NO_TOUCH,15108.436082,4.508928627235578,NO_TOUCH,15057.724648,7.678571544649909
1191,2022-08-11,sell,15374.563973,15394.27715,19.713176999999632,Bougie_SL,WIN,15354.850796,WIN,15344.9942075,WIN,15335.137619000001,WIN,15325.281030500002,WIN,15345.422755,1.4782608607431063,WIN,15311.424667,3.2028985485192023
1195,2022-08-17,buy,15579.695294,15561.12491,18.57038399999874,Bougie_SL,LOSS,15598.265677999998,LOSS,15607.550869999997,LOSS,15616.836061999997,LOSS,15626.121253999996,LOSS,15604.693889,1.3461539082876601,LOSS,15624.264217,2.4000000753890576
1201,2022-08-25,sell,14929.160449,14944.873851,15.713401999999405,Bougie_SL,WIN,14913.447047000001,WIN,14905.590346,WIN,14897.733645000002,WIN,14889.876944000003,NO_TOUCH,14810.452839,7.554545476530531,NO_TOUCH,14770.597937,10.090909148763993
1203,2022-08-29,sell,14247.484498,14258.912427,11.427928999999494,Bougie_SL,LOSS,14236.056569,LOSS,14230.342604500001,LOSS,14224.62864,LOSS,14218.9146755,LOSS,14224.200093,2.037499970467209,LOSS,14172.345866,6.574999897182024
1213,2022-09-12,sell,14441.116878,14455.032058,13.915179999999964,Bougie_SL,LOSS,14427.201698,LOSS,14420.244108,LOSS,14413.286518,LOSS,14406.328928,LOSS,14401.904385500002,2.817965164661831,LOSS,14368.620543,5.2098740368432175
1214,2022-09-13,sell,14622.582183,14633.65753,11.075346999999965,Bougie_SL,LOSS,14611.506836,LOSS,14605.969162500001,LOSS,14600.431489,LOSS,14594.8938155,LOSS,14580.55266,3.794871889792816,LOSS,14558.969932,5.743589884813602
1223,2022-09-26,sell,12858.762138,12876.085117,17.322979000000487,Bougie_SL,WIN,12841.439159,WIN,12832.7776695,WIN,12824.116179999999,WIN,12815.454690499999,WIN,12860.608029,0.10655736521996566,NO_TOUCH,12794.865904,3.68852458921748
1224,2022-09-27,sell,13000.753769,13016.656832,15.903062999999747,Bougie_SL,WIN,12984.850706000001,WIN,12976.899174500002,WIN,12968.947643000001,NO_TOUCH,12960.9961115,NO_TOUCH,12932.455794,4.294642799314975,NO_TOUCH,12889.716313,6.982142748224149
1226,2022-09-29,buy,12938.561435,12910.731075,27.830359999999928,Bougie_SL,WIN,12966.391795,WIN,12980.306975,WIN,12994.222155,WIN,13008.137335,NO_TOUCH,13091.9123965,5.510204018201729,NO_TOUCH,13139.621585,7.22448972992091
1227,2022-09-30,sell,12834.62356,12860.466037,25.842477000000144,Bougie_SL,NO_TOUCH,12808.781083,NO_TOUCH,12795.859844499999,NO_TOUCH,12782.938606,NO_TOUCH,12770.0173675,NO_TOUCH,12751.8424395,3.203296669278233,NO_TOUCH,12699.731511,5.219780170453447
1231,2022-10-06,buy,13219.136898,13204.369768,14.76713000000018,Bougie_SL,LOSS,13233.904028,LOSS,13241.287593000001,LOSS,13248.671158000001,LOSS,13256.054723000001,LOSS,13289.138771999998,4.740384489064356,LOSS,13324.210705,7.115384438275926
1232,2022-10-07,buy,13060.390254,13044.487192,15.903061999999409,Bougie_SL,LOSS,13076.293316,LOSS,13084.244846999998,LOSS,13092.196377999999,LOSS,13100.147909,LOSS,13097.45007,2.330357260759107,LOSS,13136.497769,4.785714537238333
1234,2022-10-11,buy,12404.672901,12385.646022,19.0268789999991,Bougie_SL,WIN,12423.699779999999,WIN,12433.213219499998,LOSS,12442.726658999998,LOSS,12452.240098499999,LOSS,12462.605486,3.044776024486371,LOSS,12528.489603,6.507462521835869
1235,2022-10-12,sell,12379.114407,12431.651311,52.536904000000504,Bougie_SL,LOSS,12326.577502999999,LOSS,12300.309050999998,LOSS,12274.040598999998,LOSS,12247.772146999998,WIN,12366.4771515,0.24054054460460192,LOSS,12308.970541,1.3351351271098475
1240,2022-10-19,buy,12783.22259,12772.715209,10.507380999999441,Bougie_SL,LOSS,12793.729970999999,LOSS,12798.983661499999,LOSS,12804.237351999998,LOSS,12809.491042499998,LOSS,12867.423627,8.01351326272505,LOSS,12924.078288,13.405405019577067
1242,2022-10-21,sell,12514.574423,12533.885285,19.31086200000027,Bougie_SL,WIN,12495.263561,WIN,12485.60813,WIN,12475.952699,WIN,12466.297267999998,WIN,12520.6800635,0.3161764865804463,WIN,12475.384733,2.029411737290583
1246,2022-10-27,buy,13018.076748,13008.421317,9.655430999999226,Bougie_SL,LOSS,13027.732178999999,LOSS,13032.559894499998,LOSS,13037.387609999998,LOSS,13042.215325499998,LOSS,13062.66212,4.61764700094744,LOSS,13105.827576,9.088235211872698
1247,2022-10-28,buy,12614.252548,12599.485419,14.76712899999984,Bougie_SL,WIN,12629.019677,LOSS,12636.4032415,LOSS,12643.786806,LOSS,12651.1703705,LOSS,12660.967795,3.1634616992917577,LOSS,12709.954908,6.480769552429613
1249,2022-11-01,sell,13090.208497,13117.47089,27.262393000000884,Bougie_SL,LOSS,13062.946103999999,LOSS,13049.314907499998,LOSS,13035.683710999998,LOSS,13022.052514499997,LOSS,13056.55648,1.23437502349846,LOSS,13021.484547,2.5208333692496243
1257,2022-11-11,sell,13332.44622,13348.917249,16.47102900000027,Bougie_SL,LOSS,13315.975191,LOSS,13307.7396765,LOSS,13299.504162,LOSS,13291.2686475,LOSS,13270.821852,3.7413793637300783,LOSS,13199.826036,8.051724272964199
1262,2022-11-18,buy,13285.872965,13272.525752,13.34721300000092,Bougie_SL,WIN,13299.220178000001,WIN,13305.893784500002,WIN,13312.567391000002,WIN,13319.240997500003,WIN,13310.1535335,1.819148948922792,WIN,13346.929366,4.574468167998488
1264,2022-11-22,buy,13141.893451,13121.730639,20.162812000000486,Bougie_SL,WIN,13162.056263,WIN,13172.137669,WIN,13182.219075,WIN,13192.300481000002,WIN,13175.687459,1.6760562961158367,NO_TOUCH,13206.357651,3.1971830119726747
1268,2022-11-28,sell,13284.737032,13292.120597,7.383564999998271,Bougie_SL,WIN,13277.353467000003,LOSS,13273.661684500003,LOSS,13269.969902000004,LOSS,13266.278119500006,LOSS,13268.833969,2.153846143428722,LOSS,13241.571576,5.846153721137519
1269,2022-11-29,sell,13259.746505,13276.217534,16.47102900000027,Bougie_SL,WIN,13243.275475999999,WIN,13235.039961499999,NO_TOUCH,13226.804446999999,NO_TOUCH,13218.568932499998,WIN,13236.175894,1.4310345152084185,NO_TOUCH,13198.122137,3.741379363729968
1274,2022-12-06,buy,13431.556379,13408.269751,23.286627999999837,Bougie_SL,LOSS,13454.843007,LOSS,13466.486321,LOSS,13478.129635,LOSS,13489.772948999998,WIN,13422.3269225,0.39634147545962223,LOSS,13453.991056,0.9634145828241538
1275,2022-12-07,buy,13127.694288,13110.939275,16.755012999999963,Bougie_SL,WIN,13144.449301,LOSS,13152.826807500001,LOSS,13161.204314,LOSS,13169.5818205,LOSS,13148.5670575,1.2457626562271138,LOSS,13172.27966,2.661016855074935
1278,2022-12-12,sell,13134.793869,13142.461417,7.667548000001261,Bougie_SL,LOSS,13127.126320999998,LOSS,13123.292546999997,LOSS,13119.458772999997,LOSS,13115.624998999996,LOSS,13112.3591915,2.9259259283405545,LOSS,13089.072564,5.962962996774405
1285,2022-12-21,buy,12638.61207,12623.428527,15.18354299999919,Bougie_SL,WIN,12653.795612999998,WIN,12661.387384499998,LOSS,12668.979155999998,LOSS,12676.570927499997,WIN,12636.081479,0.16666669959698843,LOSS,12668.416801,1.9629628605129754
1293,2023-01-04,sell,12375.99302,12392.020092,16.02707200000077,Bougie_SL,LOSS,12359.965948,LOSS,12351.952411999999,LOSS,12343.938875999998,LOSS,12335.925339999998,LOSS,12336.4876915,2.464912399469944,LOSS,12313.852966,3.8771931641660133
1294,2023-01-05,buy,12344.220051,12322.007091,22.21296000000075,Bougie_SL,WIN,12366.433011000001,WIN,12377.539491000001,WIN,12388.645971000002,NO_TOUCH,12399.752451000002,WIN,12332.270041,0.5379746778457294,WIN,12366.995365,1.025316481909645
1297,2023-01-10,sell,12559.03906,12572.254365,13.215305000001536,Bougie_SL,LOSS,12545.823754999998,LOSS,12539.216102499997,LOSS,12532.608449999996,LOSS,12526.000797499995,LOSS,12542.730811,1.234042574121279,LOSS,12512.363726,3.531915003096345
1298,2023-01-11,buy,12671.228568,12661.66856,9.56000800000038,Bougie_SL,WIN,12680.788576,WIN,12685.568580000001,WIN,12690.348584000001,WIN,12695.128588000001,WIN,12688.520936,1.8088235909425665,WIN,12705.813304,3.617647181884943
1300,2023-01-13,sell,12949.874691,12965.33941,15.464718999999604,Bougie_SL,LOSS,12934.409972000001,LOSS,12926.677612500001,LOSS,12918.945253000002,LOSS,12911.212893500002,LOSS,12933.70703,1.0454545601508654,LOSS,12902.07465,3.090909120301613
1305,2023-01-20,sell,12812.660455,12820.533403,7.872948000000179,Bougie_SL,LOSS,12804.787507,LOSS,12800.851032999999,LOSS,12796.914558999999,LOSS,12792.978084999999,LOSS,12820.6739915,1.017857161002508,LOSS,12809.005158,0.46428567799498405
1306,2023-01-23,sell,13134.045438,13151.759571,17.71413300000131,Bougie_SL,WIN,13116.331304999998,WIN,13107.474238499997,NO_TOUCH,13098.617171999997,NO_TOUCH,13089.760105499996,WIN,13124.4854295,0.5396825517793066,WIN,13109.301887,1.3968254048898547
1307,2023-01-24,buy,13408.47391,13401.163315,7.310595000000831,Bougie_SL,LOSS,13415.784505000001,LOSS,13419.439802500001,LOSS,13423.095100000002,LOSS,13426.750397500004,LOSS,13416.065681,1.038461438501047,LOSS,13434.342167,3.538461233319196
1308,2023-01-25,sell,13306.125586,13316.247948,10.122362000000066,Bougie_SL,WIN,13296.003224,WIN,13290.942043,WIN,13285.880862,WIN,13280.819681,WIN,13292.347927,1.3611110726922544,WIN,13269.572613,3.6111110232966968
1309,2023-01-26,sell,13434.060991,13445.308059,11.247068000000581,Bougie_SL,WIN,13422.813923,LOSS,13417.190389,LOSS,13411.566855,LOSS,13405.943320999999,LOSS,13404.2562585,2.650000204497665,LOSS,13360.673868,6.525000382321565
1311,2023-01-30,buy,13615.982324,13606.703492,9.278831999999966,Bougie_SL,LOSS,13625.261156,LOSS,13629.900572,LOSS,13634.539988,LOSS,13639.179404,LOSS,13700.897691,9.151514651844103,LOSS,13732.951836,12.606059900642677
1313,2023-02-01,sell,13640.725875,13660.970598,20.244722999999794,Bougie_SL,WIN,13620.481152,NO_TOUCH,13610.3587905,NO_TOUCH,13600.236429,NO_TOUCH,13590.1140675,NO_TOUCH,13611.061731,1.4652778405513678,NO_TOUCH,13591.801126,2.4166667531089603
1317,2023-02-07,buy,14091.170969,14075.706249,15.464719999999943,Bougie_SL,WIN,14106.635689,WIN,14114.368049,WIN,14122.100409,WIN,14129.832769,WIN,14112.5403985,1.3818180671876852,WIN,14133.628652,2.7454543632215054
1318,2023-02-08,buy,14360.257083,14342.824127,17.43295600000056,Bougie_SL,LOSS,14377.690039000001,LOSS,14386.406517000001,LOSS,14395.122995000002,LOSS,14403.839473000002,LOSS,14373.753565,0.7741935446862848,LOSS,14405.80771,2.6129032276567012
1320,2023-02-10,sell,13953.394379,13972.233219,18.838840000000346,Bougie_SL,WIN,13934.555538999999,WIN,13925.136118999999,WIN,13915.716698999999,WIN,13906.297278999999,WIN,13949.457905,0.20895522229606583,WIN,13921.902587,1.67164177836843
1324,2023-02-16,buy,14342.54295,14334.951179,7.591770999999426,Bougie_SL,WIN,14350.134720999999,LOSS,14353.930606499998,LOSS,14357.726491999998,LOSS,14361.522377499998,LOSS,14362.647085,2.6481482384022024,LOSS,14388.093578,6.0000002634437095
1325,2023-02-17,buy,13921.340234,13905.313161,16.02707299999929,Bougie_SL,WIN,13937.367306999999,WIN,13945.3808435,WIN,13953.394379999998,LOSS,13961.407916499997,LOSS,13962.8137995,2.5877192610280266,LOSS,14002.037951,5.0350876295381255
1329,2023-02-23,sell,13680.371791,13739.137724,58.76593300000059,Bougie_SL,NO_TOUCH,13621.605857999999,NO_TOUCH,13592.222891499998,NO_TOUCH,13562.839924999998,NO_TOUCH,13533.456958499999,WIN,13708.7706395,0.4832535969436682,WIN,13681.777675,0.023923452385241177
1331,2023-02-27,sell,13560.028158,13576.898761,16.87060300000121,Bougie_SL,LOSS,13543.157554999998,LOSS,13534.722253499996,LOSS,13526.286951999997,LOSS,13517.851650499997,LOSS,13526.568129,1.9833333165386826,LOSS,13503.792815,3.3333333135747685
1338,2023-03-08,sell,13690.775329,13698.085924,7.310595000000831,Bougie_SL,WIN,13683.464734,WIN,13679.8094365,LOSS,13676.154138999998,LOSS,13672.498841499997,WIN,13677.981789,1.7499998290151653,LOSS,13652.535296,5.230768904582417
1341,2023-03-13,sell,13508.853996,13542.876378,34.022382000001016,Bougie_SL,LOSS,13474.831613999999,LOSS,13457.820422999997,LOSS,13440.809231999998,LOSS,13423.798040999998,WIN,13510.822233,0.057851240398185386,LOSS,13440.246878,2.0165289426236486
1345,2023-03-17,sell,14178.225756,14196.038297,17.812540999999328,Bougie_SL,WIN,14160.413215,WIN,14151.5069445,NO_TOUCH,14142.600674000001,NO_TOUCH,14133.694403500001,WIN,14165.840474,0.6953124767544252,NO_TOUCH,14140.930749,2.0937499596493296
1346,2023-03-20,buy,14017.91289,13997.873782,20.039107999999032,Bougie_SL,WIN,14037.951997999999,LOSS,14047.971551999999,LOSS,14057.991105999998,LOSS,14068.010659999996,LOSS,14118.247592,5.006944520684501,LOSS,14169.319486,7.555555666450225
1347,2023-03-21,sell,14152.341908,14159.299932,6.958023999999568,Bougie_SL,LOSS,14145.383884,LOSS,14141.904872000001,LOSS,14138.425860000001,LOSS,14134.946848000001,LOSS,14146.6363285,0.8199999741305882,LOSS,14112.542012,5.719999816040145
1350,2023-03-24,sell,14299.017048,14346.331609,47.31456100000105,Bougie_SL,LOSS,14251.702486999999,LOSS,14228.045206499999,LOSS,14204.387925999998,LOSS,14180.730645499996,WIN,14310.845688,0.2499999947162029,LOSS,14274.803125,0.5117647186877377
1353,2023-03-29,sell,14291.780703,14301.243616,9.46291299999939,Bougie_SL,LOSS,14282.317790000001,LOSS,14277.586333500001,LOSS,14272.854877000002,LOSS,14268.123420500002,LOSS,14235.838193,5.911764168179965,LOSS,14203.831284,9.294116832734927
1355,2023-03-31,buy,14578.172959,14564.535233,13.63772599999902,Bougie_SL,LOSS,14591.810684999999,LOSS,14598.629547999997,LOSS,14605.448410999998,LOSS,14612.267273999998,LOSS,14601.969400499998,1.7448980497188809,LOSS,14627.157446,3.5918368648851895
1359,2023-04-06,sell,14533.084966,14538.929706,5.844740000000456,Bougie_SL,WIN,14527.240226,WIN,14524.317856,WIN,14521.395486,WIN,14518.473116,WIN,14517.2206715,2.7142857509486844,WIN,14492.450107,6.952380944233038
1363,2023-04-12,buy,14535.033212,14520.282202,14.751009999999951,Bougie_SL,WIN,14549.784222,WIN,14557.159727,WIN,14564.535232,WIN,14571.910737,WIN,14561.8911835,1.820754748318909,WIN,14577.059675,2.849056640867323
1366,2023-04-17,sell,14700.634177,14715.106866,14.472689000000173,Bougie_SL,WIN,14686.161488,WIN,14678.9251435,WIN,14671.688799,WIN,14664.452454499999,WIN,14678.9251425,1.5000000690956206,WIN,14666.4007,2.3653846911240444
1368,2023-04-19,buy,14620.477743,14614.076362,6.401380999999674,Bougie_SL,LOSS,14626.879124,LOSS,14630.079814499999,LOSS,14633.280504999999,LOSS,14636.481195499999,LOSS,14663.3391695,6.695653094231047,LOSS,14680.595068,9.391305563597001
1370,2023-04-21,buy,14562.308665,14537.538101,24.770564000000377,Bougie_SL,LOSS,14587.079229,LOSS,14599.464511000002,LOSS,14611.849793000001,LOSS,14624.235075,LOSS,14575.8072315,0.544943849481997,LOSS,14592.645649,1.2247191464836695
1374,2023-04-27,sell,14457.93831,14466.566259,8.627948999999717,Bougie_SL,LOSS,14449.310361,LOSS,14444.996386499999,LOSS,14440.682412,LOSS,14436.368437500001,LOSS,14428.2971285,3.4354840878174167,LOSS,14401.439157,6.548387455697837
1375,2023-04-28,buy,14696.181041,14684.491562,11.689479000000574,Bougie_SL,LOSS,14707.87052,LOSS,14713.7152595,LOSS,14719.559999000001,LOSS,14725.404738500001,LOSS,14709.262126,1.1190477351470633,LOSS,14735.424295,3.357143119894305
1379,2023-05-04,sell,14599.603672,14611.849794,12.246122000000469,Bougie_SL,NO_TOUCH,14587.357549999999,NO_TOUCH,14581.234488999999,NO_TOUCH,14575.111427999998,NO_TOUCH,14568.988366999998,WIN,14619.3644595,1.6136363413659023,NO_TOUCH,14579.007922,1.6818181298534998
1380,2023-05-05,buy,14587.914192,14578.729601,9.184591000001092,Bougie_SL,LOSS,14597.098783000001,LOSS,14601.691078500002,LOSS,14606.283374000002,LOSS,14610.875669500003,WIN,14580.9561685,0.757575759225269,LOSS,14599.603672,1.2727273321150288
1381,2023-05-08,sell,14827.548529,14835.898158,8.349629000000277,Bougie_SL,WIN,14819.1989,WIN,14815.0240855,WIN,14810.849271,WIN,14806.674456499999,WIN,14820.173024,0.8833332594777241,NO_TOUCH,14800.273076,3.266666459072528
1384,2023-05-11,buy,14956.689449,14946.669895,10.019553999998607,Bougie_SL,WIN,14966.709002999998,WIN,14971.718779999997,WIN,14976.728556999997,WIN,14981.738333999996,WIN,14956.8286095,0.013888891661327224,WIN,14971.162138,1.4444444333552358
1386,2023-05-15,sell,14950.009746,14962.255868,12.246122000000469,Bougie_SL,LOSS,14937.763624,LOSS,14931.640562999999,LOSS,14925.517501999999,LOSS,14919.394440999999,LOSS,14900.4686175,4.045454430390062,LOSS,14862.338648,7.159090690097284
1388,2023-05-17,buy,15025.156402,15017.363416,7.792986000000383,Bougie_SL,WIN,15032.949388,WIN,15036.845881000001,WIN,15040.742374000001,WIN,15044.638867000001,WIN,15040.4640545,1.964285897600602,NO_TOUCH,15054.936744,3.8214289105611834
1401,2023-06-05,sell,16179.910018,16185.754758,5.844739999998637,Bougie_SL,LOSS,16174.065278000002,LOSS,16171.142908000002,LOSS,16168.220538000003,LOSS,16165.298168000005,LOSS,16175.7352035,0.7142857509489066,LOSS,16156.809379,3.952380944234579
1402,2023-06-06,sell,16245.03712,16256.448278,11.411157999998977,Bougie_SL,WIN,16233.625962000002,WIN,16227.920383000002,NO_TOUCH,16222.214804000003,NO_TOUCH,16216.509225000003,WIN,16230.2861095,1.292683047592667,NO_TOUCH,16205.515545,3.463414931245734
1405,2023-06-09,buy,16132.873777,16123.967507,8.906270000001314,Bougie_SL,WIN,16141.780047000002,WIN,16146.233182000004,WIN,16150.686317000003,WIN,16155.139452000003,WIN,16137.6052335,0.5312500631576402,WIN,16151.521281,2.0937501333325748
1407,2023-06-13,sell,16555.983505,16567.533423,11.549918000000616,Bougie_SL,WIN,16544.433587,NO_TOUCH,16538.658627999997,NO_TOUCH,16532.883669,NO_TOUCH,16527.10871,NO_TOUCH,16526.0087155,2.5952382951981514,NO_TOUCH,16494.383938,5.333333708516184
1411,2023-06-19,sell,16816.68167,16823.83162,7.14994999999908,Bougie_SL,WIN,16809.531720000003,WIN,16805.956745000003,WIN,16802.381770000004,WIN,16798.806795000004,WIN,16810.906711000003,0.80769222162382,WIN,16788.906866,3.884615137169373
1418,2023-06-28,sell,16561.208468,16576.058363,14.849894999999378,Bougie_SL,WIN,16546.358573,WIN,16538.9336255,WIN,16531.508678000002,WIN,16524.083730500002,WIN,16558.8709845,0.15740740927795147,WIN,16540.033617,1.4259259745608066
1419,2023-06-29,buy,16645.907872,16635.732944,10.174928000000364,Bougie_SL,WIN,16656.0828,WIN,16661.170264,WIN,16666.257728,WIN,16671.345192,WIN,16676.2951585,2.986486636563927,NO_TOUCH,16699.807493,5.297297533702308
1422,2023-07-04,sell,16880.481221,16885.706185,5.224964000000909,Bougie_SL,LOSS,16875.256256999997,LOSS,16872.643774999997,LOSS,16870.031292999996,LOSS,16867.418810999996,WIN,16879.656227,0.15789467640323507,LOSS,16867.556312,2.473683837820762
1425,2023-07-07,buy,16714.38239,16702.007477,12.374912999999651,Bougie_SL,LOSS,16726.757303,LOSS,16732.9447595,LOSS,16739.132215999998,LOSS,16745.319672499998,LOSS,16751.782127,3.0222222168350426,LOSS,16767.457017,4.2888888996636405
1431,2023-07-17,sell,17263.553526,17274.828447,11.274921000000177,Bougie_SL,NO_TOUCH,17252.278605,NO_TOUCH,17246.641144499998,NO_TOUCH,17241.003684,NO_TOUCH,17235.3662235,NO_TOUCH,17244.578659500003,1.6829267805953327,NO_TOUCH,17228.628772,3.097560860958504
1434,2023-07-20,buy,17442.302268,17430.752349,11.549919000000955,Bougie_SL,LOSS,17453.852187,LOSS,17459.627146500003,LOSS,17465.402106,LOSS,17471.1770655,LOSS,17464.9896085,1.9642856802717577,LOSS,17488.501943,3.999999913418962
1436,2023-07-24,sell,17115.879565,17142.004381,26.124815999999555,Bougie_SL,LOSS,17089.754749,LOSS,17076.692341,LOSS,17063.629933,LOSS,17050.567525,LOSS,17105.979635,0.37894735794501877,LOSS,17085.629778,1.15789473885677
1438,2023-07-26,sell,17228.078776,17234.128733,6.049957000002905,Bougie_SL,WIN,17222.028818999996,WIN,17219.003840499994,WIN,17215.978861999993,WIN,17212.95388349999,WIN,17209.928903,3.00000033057917,NO_TOUCH,17192.879023,5.818182344102651
1440,2023-07-28,sell,17217.628849,17224.778799,7.14994999999908,Bougie_SL,LOSS,17210.478899,LOSS,17206.903924000002,LOSS,17203.328949000002,LOSS,17199.753974000003,LOSS,17169.6416865,6.711538192575837,LOSS,17100.754671,16.34615318988481
1444,2023-08-03,buy,16918.430954,16902.756065,15.674888999998075,Bougie_SL,WIN,16934.105842999998,WIN,16941.9432875,LOSS,16949.780731999996,LOSS,16957.618176499993,LOSS,17020.180238,6.491228358938545,LOSS,17058.129971,8.91228110132175
1446,2023-08-07,sell,16966.00562,16983.0555,17.049879999998666,Bougie_SL,WIN,16948.95574,LOSS,16940.430800000002,LOSS,16931.905860000003,LOSS,16923.380920000003,WIN,16963.393138,0.15322582915543448,LOSS,16937.680819,1.6612903433925084
1448,2023-08-09,sell,16939.605805,16948.95574,9.349935000002006,Bougie_SL,LOSS,16930.255869999997,LOSS,16925.580902499998,LOSS,16920.905934999995,LOSS,16916.230967499992,LOSS,16909.631016,3.2058820729762765,LOSS,16880.481221,6.323528880146051
1453,2023-08-16,sell,16632.707965,16644.532882,11.824916999998095,Bougie_SL,WIN,16620.883048000003,WIN,16614.970589500004,NO_TOUCH,16609.058131000005,NO_TOUCH,16603.145672500006,WIN,16619.645557,1.1046511362408464,NO_TOUCH,16590.358263,3.581395285904331
1462,2023-08-29,sell,16631.057976,16641.232905,10.174929000000702,Bougie_SL,WIN,16620.883047,WIN,16615.7955825,WIN,16610.708118,WIN,16605.6206535,WIN,16616.070582,1.4729728335203847,WIN,16586.50829,4.378378070254387
1466,2023-09-04,sell,17108.454617,17115.879565,7.424947999999858,Bougie_SL,LOSS,17101.029669,LOSS,17097.317195,LOSS,17093.604721,LOSS,17089.892247,LOSS,17082.329801,3.5185183788492598,LOSS,17061.979944,6.259259054743751
1468,2023-09-06,buy,17029.255175,17017.15526,12.099914999998873,Bougie_SL,LOSS,17041.355089999997,LOSS,17047.405047499997,LOSS,17053.455004999996,LOSS,17059.504962499996,LOSS,17064.729925,2.931818116078049,LOSS,17086.179774,4.704545362509329
1469,2023-09-07,buy,16860.956359,16841.156498,19.79986099999951,Bougie_SL,LOSS,16880.75622,LOSS,16890.6561505,LOSS,16900.556081,LOSS,16910.4560115,LOSS,16903.993556,2.1736110672697415,LOSS,16935.205836,3.749999911615695
1470,2023-09-08,sell,16833.456552,16842.531488,9.07493600000089,Bougie_SL,WIN,16824.381616,WIN,16819.844147999996,WIN,16815.306679999998,WIN,16810.769212,WIN,16814.894183,2.0454545354366673,WIN,16778.456939,6.060606157442274
1471,2023-09-11,sell,16915.772026,16923.917663,8.145637000001443,Bougie_SL,LOSS,16907.626388999997,LOSS,16903.553570499997,LOSS,16899.480751999996,LOSS,16895.407933499995,LOSS,16863.8526945,6.37388230042516,LOSS,16827.681593,10.814431455757477
1472,2023-09-12,sell,16983.652331,16992.069489,8.4171580000002,Bougie_SL,WIN,16975.235173,WIN,16971.026594000003,WIN,16966.818015,WIN,16962.609436,WIN,17005.781311,2.6290322695614314,WIN,16987.72515,0.48387104055753216
1473,2023-09-13,sell,16821.825684,16835.130224,13.304540000000998,Bougie_SL,WIN,16808.521144,NO_TOUCH,16801.868874,NO_TOUCH,16795.216603999997,NO_TOUCH,16788.564333999995,WIN,16827.5276295,0.42857141246525227,NO_TOUCH,16804.719847,1.2857142749766526
1478,2023-09-20,sell,16689.051807,16706.700687,17.648880000000645,Bougie_SL,LOSS,16671.402927,LOSS,16662.578487,LOSS,16653.754047,LOSS,16644.929607,LOSS,16686.6081165,0.13846150577261224,LOSS,16662.98577,1.4769230115451832
1481,2023-09-25,sell,16208.730769,16219.320096,10.589326999999685,Bougie_SL,WIN,16198.141442,WIN,16192.8467785,WIN,16187.552115,WIN,16182.257451500001,WIN,16183.0720135,2.423077075625421,WIN,16147.366973,5.794872138711125
1482,2023-09-26,buy,16113.42682,16090.890559,22.536261000001105,Bougie_SL,WIN,16135.963081000002,WIN,16147.231211500002,WIN,16158.499342000003,NO_TOUCH,16169.767472500003,NO_TOUCH,16174.790616,2.7228916101032303,NO_TOUCH,16218.777054,4.674698877510976
1483,2023-09-27,sell,16048.533249,16057.221928,8.688679000000775,Bougie_SL,WIN,16039.84457,WIN,16035.500230499998,WIN,16031.155890999999,WIN,16026.811551499999,NO_TOUCH,16011.7421235,4.234375041360905,NO_TOUCH,15990.427708,6.687500021579302
1486,2023-10-02,sell,16258.690673,16270.637607,11.94693400000142,Bougie_SL,LOSS,16246.743738999998,LOSS,16240.770271999998,LOSS,16234.796804999996,LOSS,16228.823337999995,LOSS,16253.939052000002,0.3977272327776355,LOSS,16222.849872,2.999999916296031
1487,2023-10-03,sell,16271.723692,16287.743444,16.019752000000153,Bougie_SL,LOSS,16255.70394,LOSS,16247.694064,LOSS,16239.684188,LOSS,16231.674312,LOSS,16259.2337155,0.7796610396964312,LOSS,16229.909424,2.6101694957574675
1490,2023-10-06,sell,16143.294155,16161.486076,18.19192099999964,Bougie_SL,LOSS,16125.102234,LOSS,16116.0062735,LOSS,16106.910313,LOSS,16097.814352500001,LOSS,16136.913406,0.350746301064085,LOSS,16114.512905,1.5820896539733529
1491,2023-10-09,buy,16288.829529,16264.66414,24.165388999999777,Bougie_SL,WIN,16312.994918,NO_TOUCH,16325.077612500001,NO_TOUCH,16337.160307,NO_TOUCH,16349.243001499999,WIN,16297.110926,0.3426966145671774,NO_TOUCH,16326.027936,1.5393258101493918
1498,2023-10-18,buy,16494.371092,16479.708947,14.662145000002056,Bougie_SL,WIN,16509.033237000003,WIN,16516.364309500004,WIN,16523.695382000005,LOSS,16531.026454500006,WIN,16516.092790000002,1.4814815976787947,LOSS,16539.443615,3.0740742913122596
1503,2023-10-25,buy,16012.420926,15999.659429,12.761497000001327,Bougie_SL,WIN,16025.182423000002,WIN,16031.563171500002,WIN,16037.943920000003,NO_TOUCH,16044.324668500005,NO_TOUCH,16061.566267,3.851063946494236,NO_TOUCH,16092.248165,6.255319340669193
1506,2023-10-30,sell,15588.847823,15602.695405,13.84758200000033,Bougie_SL,LOSS,15575.000241,LOSS,15568.07645,LOSS,15561.152659,LOSS,15554.228867999998,LOSS,15573.099591499998,1.137254973467656,LOSS,15558.980488,2.1568628371364844
1514,2023-11-09,sell,16692.310062,16699.641135,7.331073000001197,Bougie_SL,WIN,16684.978989,LOSS,16681.3134525,LOSS,16677.647915999998,LOSS,16673.982379499997,WIN,16696.1113595,0.5185185715648591,LOSS,16674.661183,2.407407346782309
1517,2023-11-14,sell,16921.473972,16931.520257,10.046285000000353,Bougie_SL,NO_TOUCH,16911.427687,NO_TOUCH,16906.4045445,NO_TOUCH,16901.381402,NO_TOUCH,16896.358259499997,NO_TOUCH,16907.490629,1.3918919282102176,NO_TOUCH,16895.950977,2.5405406077966592
1518,2023-11-15,sell,17297.802383,17311.921487,14.119104000001244,Bougie_SL,LOSS,17283.683278999997,LOSS,17276.623727,LOSS,17269.564174999996,LOSS,17262.504622999993,LOSS,17290.878592,0.49038458814361213,LOSS,17269.564176,1.9999999291736943
1524,2023-11-23,sell,17449.854267,17455.01317,5.158902999999555,Bougie_SL,LOSS,17444.695364,LOSS,17442.115912499998,LOSS,17439.536461,LOSS,17436.9570095,LOSS,17442.387433,1.4473685587807272,LOSS,17426.774963,4.473684424770334
1525,2023-11-24,buy,17429.761696,17422.973666,6.788029999999708,Bougie_SL,WIN,17436.549726,WIN,17439.943741000003,WIN,17443.337756,WIN,17446.731771,WIN,17439.5364605,1.4400001915133769,WIN,17453.655564,3.5200003535635864
1526,2023-11-27,sell,17360.795306,17369.755507,8.960201000001689,Bougie_SL,WIN,17351.835105,WIN,17347.355004499997,LOSS,17342.874903999997,LOSS,17338.394803499996,LOSS,17336.4941575,2.712120911126239,LOSS,17310.835402,5.575757061698722
1528,2023-11-29,buy,17470.761401,17443.8808,26.880601000000752,Bougie_SL,WIN,17497.642002,WIN,17511.0823025,NO_TOUCH,17524.522603,NO_TOUCH,17537.962903500003,WIN,17456.5065365,0.5303030427034873,WIN,17471.304443,0.020202003668040595
1530,2023-12-01,sell,17340.974257,17346.133161,5.158903999999893,Bougie_SL,NO_DATA,17335.815353,NO_DATA,17333.235901,NO_DATA,17330.656449000002,NO_DATA,17328.076997000004,NO_DATA,17331.8782965,1.7631575427654278,NO_DATA,17318.709517,4.315788779942951
1532,2023-12-05,buy,17161.22721,17146.022021,15.205189000000246,Bougie_SL,LOSS,17176.432399,LOSS,17184.0349935,LOSS,17191.637588,LOSS,17199.2401825,LOSS,17182.948907500002,1.4285713581068067,LOSS,17214.173848,3.4821427079924336
1534,2023-12-07,sell,17190.27998,17195.438883,5.158902999999555,Bougie_SL,WIN,17185.121077,WIN,17182.541625500002,LOSS,17179.962174,LOSS,17177.3827225,LOSS,17168.8298035,4.15789490517664,LOSS,17151.995488,7.421052886631551
1538,2023-12-13,sell,17795.40603,17805.590148,10.184118000001035,Bougie_SL,NO_TOUCH,17785.221911999997,NO_TOUCH,17780.129853,NO_TOUCH,17775.037793999996,NO_TOUCH,17769.945734999994,WIN,17797.684056,0.2236841717662465,NO_TOUCH,17788.705952,0.6578947730178841
1541,2023-12-18,buy,18046.524937,18039.556857,6.968079999998736,Bougie_SL,WIN,18053.493016999997,WIN,18056.977056999996,WIN,18060.461096999996,WIN,18063.945136999995,WIN,18051.7509975,0.7500000717560631,NO_TOUCH,18072.789241,3.7692311224907047
1549,2023-12-29,sell,18344.008382,18349.90445,5.896068000001833,Bougie_SL,WIN,18338.112313999998,WIN,18335.164279999997,NO_TOUCH,18332.216245999996,NO_TOUCH,18329.268211999995,NO_TOUCH,18330.474225,2.2954546996394924,NO_TOUCH,18318.012081,4.409091109531155
1551,2024-01-03,sell,17912.791389,17927.263557,14.4721679999966,Bougie_SL,WIN,17898.319221000005,WIN,17891.08313700001,WIN,17883.84705300001,WIN,17876.61096900001,WIN,17907.9673335,0.3333332987844154,WIN,17890.815135,1.5185184417432291
1559,2024-01-15,sell,18218.582929,18236.80714,18.22421100000065,Bougie_SL,WIN,18200.358718,WIN,18191.2466125,WIN,18182.134507,NO_TOUCH,18173.0224015,WIN,18202.7707465,0.8676470273528489,NO_TOUCH,18167.126334,2.823529369803599
1569,2024-01-29,sell,18809.261768,18824.537945,15.276176999999734,Bougie_SL,LOSS,18793.985591,LOSS,18786.3475025,LOSS,18778.709414,LOSS,18771.0713255,LOSS,18786.7495075,1.4736841881316298,LOSS,18756.197154,3.4736841554009166
1572,2024-02-01,sell,18572.347025,18587.355199,15.008174000002327,Bougie_SL,LOSS,18557.338850999997,LOSS,18549.834763999996,LOSS,18542.330676999994,LOSS,18534.826589999993,LOSS,18542.196676,2.0089285345435677,LOSS,18510.438308,4.124999950026488
1574,2024-02-05,sell,18972.207655,18980.515751,8.30809600000066,Bougie_SL,WIN,18963.899558999998,WIN,18959.745510999997,WIN,18955.591462999997,WIN,18951.437414999997,WIN,18958.2714935,1.6774194111378675,LOSS,18936.027236,4.354838822275735
1577,2024-02-08,buy,19136.493557,19127.381451,9.112106000000495,Bougie_SL,LOSS,19145.605663000002,LOSS,19150.161716000002,LOSS,19154.717769000003,LOSS,19159.273822000003,WIN,19132.607512,0.4264705656412154,LOSS,19143.729641,0.7941176276921851
1578,2024-02-09,sell,19189.558171,19199.206283,9.648111999998946,Bougie_SL,WIN,19179.910059,WIN,19175.086003000004,LOSS,19170.261947000003,LOSS,19165.437891,LOSS,19148.01769,4.305555428876088,LOSS,19137.833572,5.361110961399151
1585,2024-02-20,buy,18975.959698,18967.651602,8.308095999997022,Bougie_SL,LOSS,18984.267793999996,LOSS,18988.421841999996,LOSS,18992.575889999993,LOSS,18996.72993799999,LOSS,18985.473808,1.145161298088453,LOSS,19031.43634,6.677419471323073
1588,2024-02-23,buy,19330.527803,19324.095729,6.432074000000284,Bougie_SL,LOSS,19336.959877,LOSS,19340.175914,LOSS,19343.391951,LOSS,19346.607988000003,LOSS,19337.763887,1.125000116603105,LOSS,19354.916086,3.791667042387751
1589,2024-02-26,sell,19238.334736,19257.898962,19.564225999998598,Bougie_SL,LOSS,19218.770510000002,LOSS,19208.988397,LOSS,19199.206284000004,LOSS,19189.424171000006,LOSS,19235.788706500003,0.1301369908524729,LOSS,19213.142444,1.287671283290304
1596,2024-03-06,sell,19311.23158,19323.559723,12.328142999998818,Bougie_SL,LOSS,19298.903437,LOSS,19292.7393655,LOSS,19286.575294000002,LOSS,19280.411222500003,LOSS,19259.3729795,4.206521655370538,LOSS,19235.386702,6.152173770210741
1601,2024-03-13,sell,19560.385276,19568.052698,7.6674219999986235,Bougie_SL,LOSS,19552.717854000002,LOSS,19548.884143000003,LOSS,19545.050432000004,LOSS,19541.216721000004,LOSS,19528.261424,4.189654880089604,LOSS,19506.448932,7.034482254923654
1606,2024-03-20,sell,19312.912639,19320.315667,7.403028000000631,Bougie_SL,WIN,19305.509610999998,LOSS,19301.808096999997,LOSS,19298.106582999997,LOSS,19294.405068999997,LOSS,19298.635372,1.9285712548968403,LOSS,19276.955077,4.857142509794172
1607,2024-03-21,sell,19703.422345,19715.848856,12.426511000001483,Bougie_SL,WIN,19690.995833999998,WIN,19684.782578499995,WIN,19678.569322999996,WIN,19672.356067499997,NO_TOUCH,19656.756832,3.7553190111041106,NO_TOUCH,19627.012525,6.148935932217148
1611,2024-03-27,buy,19551.395885,19542.406495,8.989390000002459,Bougie_SL,WIN,19560.385275000004,WIN,19564.879970000005,WIN,19569.374665000007,WIN,19573.869360000008,WIN,19568.1848945,1.8676472485888382,WIN,19590.526174,4.352941523283147
1614,2024-04-02,sell,19522.312563,19528.922409,6.609845999999379,Bougie_SL,NO_DATA,19515.702717,NO_DATA,19512.397794,NO_DATA,19509.092871,NO_DATA,19505.787948,NO_DATA,19537.118618,2.239999993948772,NO_DATA,19519.139837,0.4799999878969936
1615,2024-04-03,buy,19340.145205,19333.535359,6.609845999999379,Bougie_SL,WIN,19346.755051,WIN,19350.059974,WIN,19353.364897,WIN,19356.66982,WIN,19354.422473,2.160000096825152,LOSS,19384.563371,6.720000133135272
1617,2024-04-05,sell,19166.702844,19180.18693,13.484086000000389,Bougie_SL,LOSS,19153.218758,LOSS,19146.476714999997,LOSS,19139.734672,LOSS,19132.992629,LOSS,19131.0096755,2.6470587995357717,LOSS,19092.672568,5.490196072614455
1619,2024-04-09,sell,19356.802017,19376.631555,19.829537999998138,Bougie_SL,WIN,19336.972479000004,WIN,19327.057710000005,LOSS,19317.142941000006,LOSS,19307.228172000006,WIN,19358.6527745,0.09333336459966253,WIN,19337.765661,0.9599999757938037
1620,2024-04-10,sell,19437.970927,19446.167136,8.196209000001545,Bougie_SL,LOSS,19429.774717999997,LOSS,19425.676613499996,LOSS,19421.578508999995,LOSS,19417.480404499995,LOSS,19437.3099425,0.08064514948292854,LOSS,19424.222447,1.6774194020669542
1623,2024-04-15,sell,19316.085365,19322.166424,6.081059000000096,Bougie_SL,LOSS,19310.004306,LOSS,19306.9637765,LOSS,19303.923247,LOSS,19300.882717499997,LOSS,19277.2194705,6.391303636422244,LOSS,19239.939939,12.521737743376267
1626,2024-04-18,sell,18761.387083,18779.365865,17.97878199999832,Bougie_SL,WIN,18743.408301000003,WIN,18734.418910000004,WIN,18725.429519000005,WIN,18716.440128000006,WIN,18737.327244,1.3382352041425067,WIN,18696.874986,3.588235120711101
1635,2024-05-01,buy,18484.037942,18477.69249,6.345451999997749,Bougie_SL,WIN,18490.383393999997,LOSS,18493.556119999994,LOSS,18496.728845999995,LOSS,18499.901571999995,LOSS,18522.5072465,6.062500275790571,LOSS,18538.503074,8.583333701053999
1648,2024-05-20,buy,19743.345815,19733.034455,10.311359999999695,Bougie_SL,LOSS,19753.657175,LOSS,19758.812855,LOSS,19763.968535,LOSS,19769.124215,WIN,19743.7424065,0.038461609331921984,LOSS,19754.714751,1.1025641622442894
1650,2024-05-22,buy,19884.532127,19875.807131,8.72499599999719,Bougie_SL,LOSS,19893.257122999996,LOSS,19897.619620999994,LOSS,19901.982118999993,LOSS,19906.34461699999,LOSS,19898.5450015,1.6060608509166872,LOSS,19907.798786,2.6666670105073162
1659,2024-06-04,buy,19677.247355,19652.12994,25.11741500000062,Bougie_SL,WIN,19702.36477,LOSS,19714.9234775,LOSS,19727.482185,LOSS,19740.0408925,LOSS,19731.1836985,2.147368409527814,LOSS,19752.335206,2.989473677924196
1660,2024-06-05,buy,19796.224584,19785.120042,11.104542000000947,Bougie_SL,WIN,19807.329126,WIN,19812.881397,WIN,19818.433668,WIN,19823.985939000002,WIN,19819.623439000003,2.107142734927843,WIN,19846.459414,4.523809266514275
1663,2024-06-10,buy,20115.347952,20106.887349,8.460602999999537,Bougie_SL,LOSS,20123.808555,LOSS,20128.0388565,LOSS,20132.269158,LOSS,20136.4994595,LOSS,20129.0964315,1.6249999556767956,LOSS,20148.397182,3.9062499445964245
1666,2024-06-13,sell,20771.044682,20792.724977,21.680295000001934,Bougie_SL,WIN,20749.364386999998,WIN,20738.524239499995,WIN,20727.684091999996,WIN,20716.843944499997,WIN,20748.703402500003,1.030487800096574,WIN,20726.097729,2.073170729457083
1667,2024-06-14,buy,20776.332559,20752.008326,24.324232999999367,Bougie_SL,LOSS,20800.656791999998,LOSS,20812.818908499998,LOSS,20824.981024999997,LOSS,20837.143141499997,WIN,20759.675747,0.6847826198671044,WIN,20778.183316,0.07608696233094815
1673,2024-06-24,sell,20873.801947,20893.372849,19.570901999999478,Bougie_SL,WIN,20854.231045,WIN,20844.445594,WIN,20834.660143,WIN,20824.874692,WIN,20842.8799225,1.5799999662764908,NO_TOUCH,20790.560378,4.253333290412667
1674,2024-06-25,buy,20642.343416,20627.991421,14.351995000000898,Bougie_SL,WIN,20656.695411,WIN,20663.871408500003,WIN,20671.047406,WIN,20678.2234035,WIN,20642.473888,0.0090908615841023,WIN,20677.831984,2.472727171379202
1676,2024-06-27,sell,20833.094472,20842.227559,9.13308699999834,Bougie_SL,WIN,20823.961385000002,WIN,20819.394841500005,WIN,20814.828298000004,WIN,20810.261754500003,LOSS,20788.0813975,4.928571741406885,LOSS,20744.37305,9.714286308672902
1679,2024-07-02,buy,20839.879051,20830.224073,9.654977999998664,Bougie_SL,LOSS,20849.534029,LOSS,20854.361517999998,LOSS,20859.189006999997,LOSS,20864.016495999997,LOSS,20869.365876000003,3.0540540848469746,LOSS,20903.027827,6.5405406413158635
1682,2024-07-05,sell,21325.49836,21336.458065,10.959704999997484,Bougie_SL,LOSS,21314.538655000004,LOSS,21309.058802500003,LOSS,21303.578950000006,LOSS,21298.09909750001,LOSS,21305.1446225,1.857142824556511,LOSS,21283.747103,3.8095237964899127
1692,2024-07-19,buy,20722.714586,20697.663831,25.05075499999657,Bougie_SL,LOSS,20747.765340999995,LOSS,20760.290718499993,LOSS,20772.81609599999,LOSS,20785.34147349999,LOSS,20823.569966000003,4.026041530485541,LOSS,20839.096215,4.645833189459523
1694,2024-07-23,buy,20792.647941,20784.29769,8.350250999999844,Bougie_SL,WIN,20800.998192,WIN,20805.173317499997,WIN,20809.348443,WIN,20813.5235685,WIN,20813.1321515,2.4531251216284278,WIN,20843.010395,6.03125031810455
1695,2024-07-24,buy,20601.63594,20577.628967,24.00697299999956,Bougie_SL,LOSS,20625.642913,LOSS,20637.6463995,LOSS,20649.649886,LOSS,20661.653372499997,LOSS,20645.7357055,1.8369565167586934,LOSS,20706.796919,4.380434759517668
1696,2024-07-25,buy,20065.393231,20042.169094,23.224136999997427,Bougie_SL,LOSS,20088.617367999996,LOSS,20100.229436499994,LOSS,20111.841504999993,LOSS,20123.45357349999,LOSS,20102.9693625,1.61797751623692,LOSS,20148.6348,3.5842696329259014
1697,2024-07-26,sell,19959.971307,19976.410864,16.439557000001514,Bougie_SL,LOSS,19943.53175,LOSS,19935.3119715,LOSS,19927.092192999997,LOSS,19918.872414499994,LOSS,19902.0414375,3.523809644018658,LOSS,19851.418038,6.603174830075409
1699,2024-07-30,sell,20057.303925,20078.440499,21.13657400000011,Bougie_SL,LOSS,20036.167351,LOSS,20025.599064,LOSS,20015.030777,LOSS,20004.462489999998,LOSS,19980.0640995,3.65432096516684,LOSS,19911.174525,6.913580223549988
1701,2024-08-01,buy,20512.392628,20493.343617,19.049011000002793,Bougie_SL,LOSS,20531.441639000004,LOSS,20540.966144500006,LOSS,20550.490650000007,LOSS,20560.01515550001,LOSS,20528.962658,0.8698630075858805,LOSS,20580.238421,3.561643856470387
1702,2024-08-02,buy,19539.588337,19479.83185,59.75648700000238,Bougie_SL,LOSS,19599.344824000003,LOSS,19629.223067500003,LOSS,19659.101311000006,LOSS,19688.97955450001,LOSS,19633.528665,1.5720523865467,LOSS,19762.957562,3.7379912410177267
1709,2024-08-13,sell,19573.250288,19591.516463,18.266175000000658,Bougie_SL,WIN,19554.984113,NO_TOUCH,19545.8510255,NO_TOUCH,19536.717937999998,NO_TOUCH,19527.584850499996,NO_TOUCH,19491.8353365,4.457142861053071,NO_TOUCH,19452.954478,6.58571430526617
1714,2024-08-20,sell,20766.814351,20775.947438,9.13308699999834,Bougie_SL,WIN,20757.681264000003,WIN,20753.1147205,WIN,20748.548177000004,WIN,20743.981633500007,WIN,20750.113848,1.8285715443204538,NO_TOUCH,20713.842443,5.800000372273817
1723,2024-09-02,buy,20408.014485,20399.403288,8.611196999998356,Bougie_SL,WIN,20416.625681999998,WIN,20420.931280499997,WIN,20425.236878999996,WIN,20429.542477499996,NO_TOUCH,20454.4627585,5.393939251420079,NO_TOUCH,20487.080928,9.181817928449995
1724,2024-09-03,sell,20463.856791,20480.81824,16.961449000002176,Bougie_SL,WIN,20446.895341999996,WIN,20438.414617499995,WIN,20429.933892999994,WIN,20421.453168499993,WIN,20417.6694635,2.7230767548217067,WIN,20368.350791,5.630768927818922
1736,2024-09-19,sell,20539.73309,20553.400801,13.667710999998235,Bougie_SL,LOSS,20526.065379000003,LOSS,20519.231523500006,LOSS,20512.397668000005,LOSS,20505.563812500004,LOSS,20408.4714875,9.603773631152974,LOSS,20298.356155,17.660377439940852
1738,2024-09-23,buy,20687.75698,20675.120795,12.636184999999386,Bougie_SL,WIN,20700.393164999998,LOSS,20706.7112575,LOSS,20713.029349999997,LOSS,20719.347442499995,LOSS,20743.588291,4.41836764814732,LOSS,20799.677483,8.85714343371885
1741,2024-09-26,sell,21106.298398,21117.387295,11.088897000001452,Bougie_SL,WIN,21095.209500999998,LOSS,21089.665052499997,LOSS,21084.120603999996,LOSS,21078.576155499995,LOSS,20990.251794,10.465116954371927,LOSS,20915.208324,17.232559198626763
1744,2024-10-01,buy,20888.388664,20874.463072,13.925591999999597,Bougie_SL,WIN,20902.314255999998,WIN,20909.277051999998,WIN,20916.239847999997,WIN,20923.202643999997,WIN,20916.1109085,1.9907408245194511,NO_TOUCH,20972.715863,6.055555770986645
1749,2024-10-08,buy,20602.656138,20571.194614,31.461523999998462,Bougie_SL,WIN,20634.117661999997,WIN,20649.848423999996,WIN,20665.579185999995,WIN,20681.309947999995,WIN,20623.1577045,0.651639332538494,WIN,20662.226728,1.8934426062769847
1750,2024-10-09,buy,20861.311123,20844.290955,17.020167999999103,Bougie_SL,LOSS,20878.331291,LOSS,20886.841374999996,LOSS,20895.351458999998,LOSS,20903.861543,LOSS,20894.5778165,1.9545455426763896,LOSS,20928.876035,3.9696971263741463
1757,2024-10-18,sell,21079.73662,21087.988822,8.25220199999967,Bougie_SL,LOSS,21071.484418,LOSS,21067.358317,LOSS,21063.232216,LOSS,21059.106115000002,LOSS,21005.8536155,8.953126026241538,LOSS,20961.369084,14.34375164350105
1758,2024-10-21,buy,21099.593483,21083.862721,15.730761999999231,Bougie_SL,LOSS,21115.324245,LOSS,21123.189626,LOSS,21131.055007,LOSS,21138.920388,LOSS,21129.636659,1.9098360270151369,LOSS,21170.510852,4.508196678584441
1760,2024-10-23,sell,21154.78009,21160.195598,5.415507999998226,Bougie_SL,WIN,21149.364582000002,LOSS,21146.656828000003,LOSS,21143.949074000004,LOSS,21141.241320000005,WIN,21160.969242,1.1428571428573349,LOSS,21138.533565,3.000000184655618
1764,2024-10-29,sell,21174.894835,21190.367715,15.472880000001169,Bougie_SL,WIN,21159.421954999998,WIN,21151.685514999997,WIN,21143.949074999997,WIN,21136.212634999996,WIN,21133.1180575,2.7000000969435645,LOSS,21095.725263,5.116666839010766
1766,2024-10-31,buy,20976.06832,20969.879168,6.189151999999012,Bougie_SL,LOSS,20982.257471999998,LOSS,20985.352047999997,LOSS,20988.446623999997,LOSS,20991.541199999996,LOSS,21067.745137,14.812500484721953,LOSS,21108.877211,21.45833403348662
1772,2024-11-08,buy,21908.051489,21894.383777,13.667712000002211,Bougie_SL,LOSS,21921.719201000004,LOSS,21928.553057000005,LOSS,21935.386913000006,LOSS,21942.220769000007,WIN,21908.954073,0.06603768063003762,LOSS,21933.581741,1.8679243460790176
1773,2024-11-11,sell,21973.037587,21981.031908,7.994321000001946,Bougie_SL,WIN,21965.043265999997,WIN,21961.046105499998,WIN,21957.048944999995,WIN,21953.051784499992,WIN,21949.828266,2.903226052593185,NO_TOUCH,21928.166233,5.612903710019657
1780,2024-11-20,sell,21479.194818,21486.415495,7.22067700000116,Bougie_SL,WIN,21471.974141,WIN,21468.363802499996,WIN,21464.753463999998,WIN,21461.1431255,WIN,21462.561471,2.303571673403529,WIN,21427.876431,7.1071434160524145
1783,2024-11-25,buy,21617.161335,21605.040912,12.1204230000003,Bougie_SL,WIN,21629.281758,WIN,21635.3419695,WIN,21641.402181,NO_TOUCH,21647.4623925,WIN,21621.803199,0.3829787128717342,WIN,21633.149978,1.3191489273930619
1792,2024-12-06,sell,22151.491475,22161.290966,9.79949100000158,Bougie_SL,WIN,22141.691983999997,WIN,22136.7922385,WIN,22131.892492999996,NO_TOUCH,22126.992747499993,WIN,22143.497153,0.8157895139653026,NO_TOUCH,22126.219103,2.5789474167582145
1793,2024-12-09,sell,22369.143327,22389.00019,19.856862999997247,Bougie_SL,WIN,22349.286464000004,WIN,22339.358032500008,WIN,22329.429601000007,WIN,22319.501169500007,WIN,22324.916677,2.227272757031493,WIN,22309.314856,3.012987046343071
1794,2024-12-10,buy,22137.308001,22124.671815,12.636185999999725,Bougie_SL,WIN,22149.944187,WIN,22156.262280000003,WIN,22162.580373,WIN,22168.898466,WIN,22145.6891445,0.6632652843191017,WIN,22162.322491,1.9795917850527283
1799,2024-12-17,buy,22755.449577,22734.561188,20.888388999999734,Bougie_SL,WIN,22776.337966,WIN,22786.7821605,WIN,22797.226355,NO_TOUCH,22807.6705495,WIN,22800.3209305,2.148148117119007,NO_TOUCH,22821.982963,3.1851851284462387
1800,2024-12-18,sell,22724.245934,22741.781866,17.535932000002504,Bougie_SL,WIN,22706.710001999996,LOSS,22697.942035999993,LOSS,22689.174069999994,LOSS,22680.406103999994,WIN,22710.707164,0.772058764826259,LOSS,22678.343056,2.617646897809058
1801,2024-12-19,sell,21933.581741,21947.249452,13.667710999998235,Bougie_SL,LOSS,21919.914030000004,LOSS,21913.080174500006,LOSS,21906.246319000005,LOSS,21899.412463500004,LOSS,21885.2289895,3.537735872525296,LOSS,21822.692764,8.113207617575222
1804,2024-12-24,sell,22420.685021,22444.654991,23.969969999998284,Bougie_SL,LOSS,22396.715051000003,LOSS,22384.730066000004,LOSS,22372.745081000005,LOSS,22360.760096000005,LOSS,22419.0097005,0.0698924737912643,LOSS,22392.848927,1.1612903145061944
1806,2024-12-27,buy,22604.45479,22595.176092,9.278697999998258,Bougie_SL,NO_DATA,22613.733487999998,NO_DATA,22618.372836999995,NO_DATA,22623.012185999996,NO_DATA,22627.651534999997,NO_DATA,22631.259918000003,2.8888889367892605,NO_DATA,22657.807304,5.750000053888163
1808,2024-12-31,buy,22056.496125,22037.423245,19.072879999999714,Bougie_SL,WIN,22075.569005,WIN,22085.105445,WIN,22094.641885,WIN,22104.178325,WIN,22075.3112625,0.9864864404326052,WIN,22120.158303,3.337837704636092
1811,2025-01-06,sell,22242.84331,22263.462638,20.619328000000678,Bougie_SL,LOSS,22222.223982,LOSS,22211.914318,LOSS,22201.604654,LOSS,22191.29499,LOSS,22185.3669305,2.7875001309450047,LOSS,22147.736655,4.612500223091483
1818,2025-01-15,buy,21592.561224,21585.859942,6.701282000001811,Bougie_SL,LOSS,21599.262506000003,LOSS,21602.613147000004,LOSS,21605.963788000005,LOSS,21609.314429000005,WIN,21593.8499325,0.1923077554414011,LOSS,21612.66507,2.999999999998914
1821,2025-01-20,sell,22291.814216,22302.897105,11.08288900000116,Bougie_SL,WIN,22280.731326999998,WIN,22275.189882499995,WIN,22269.648437999997,WIN,22264.106993499998,LOSS,22240.652506,4.616279203012406,LOSS,22207.274967,7.627907218053777
1825,2025-01-24,buy,22682.550498,22661.415686,21.134812000000238,Bougie_SL,WIN,22703.68531,NO_TOUCH,22714.252716000003,NO_TOUCH,22724.820122,NO_TOUCH,22735.387528,WIN,22700.721282,0.8597561217955423,NO_TOUCH,22741.573327,2.7926829441396053
1829,2025-01-30,sell,22345.682212,22373.518306,27.83609400000205,Bougie_SL,WIN,22317.846117999998,WIN,22303.928070999995,WIN,22290.010023999996,NO_TOUCH,22276.091976999996,WIN,22299.030981,1.675925903971886,NO_TOUCH,22246.709434,3.555555531605551
1830,2025-01-31,sell,22449.29434,22460.634971,11.34063099999912,Bougie_SL,LOSS,22437.953709,LOSS,22432.2833935,LOSS,22426.613078000002,LOSS,22420.942762500003,LOSS,22406.895845,3.7386363245576515,LOSS,22351.352528,8.636363532153416
1839,2025-02-13,buy,22521.719733,22514.760709,6.95902400000341,Bougie_SL,LOSS,22528.678757000005,LOSS,22532.158269000007,LOSS,22535.63778100001,LOSS,22539.11729300001,LOSS,22577.2630505,7.981480951922657,LOSS,22606.00124,12.111110264881741
1842,2025-02-18,sell,22977.14916,22982.561734,5.412573999998131,Bougie_SL,LOSS,22971.736586000003,LOSS,22969.030299000005,LOSS,22966.324012000005,LOSS,22963.617725000004,LOSS,22956.9164435,3.738095128123775,LOSS,22919.930522,10.571428307496925
1845,2025-02-21,buy,22828.43225,22818.895811,9.536439000003156,Bougie_SL,WIN,22837.968689000005,WIN,22842.736908500006,WIN,22847.505128000008,WIN,22852.27334750001,WIN,22821.473227,0.7297297240616512,WIN,22846.731905,1.91891910596742
1846,2025-02-24,buy,22435.118552,22417.592122,17.52643000000171,Bougie_SL,WIN,22452.644982,WIN,22461.408197000004,WIN,22470.171412000003,WIN,22478.934627000002,WIN,22441.1754795,0.34558820592676487,WIN,22476.614951,2.3676469765945263
1852,2025-03-04,buy,21185.071737,21171.15369,13.918046999999206,Bougie_SL,LOSS,21198.989783999998,LOSS,21205.948807499997,LOSS,21212.907830999997,LOSS,21219.866854499996,LOSS,21164.839020500003,1.4537037056992481,LOSS,21229.661036,3.203703723662198
1861,2025-03-17,buy,20178.848487,20171.889463,6.959023999999772,Bougie_SL,WIN,20185.807511,WIN,20189.287022999997,WIN,20192.766535,WIN,20196.246047,WIN,20203.3339395,3.518518185883793,WIN,20236.324866,8.259258625922486
1863,2025-03-19,buy,20117.233928,20099.127065,18.106863000000885,Bougie_SL,WIN,20135.340791000002,WIN,20144.394222500003,WIN,20153.447654000003,WIN,20162.501085500004,WIN,20148.984693,1.7535210268059958,NO_TOUCH,20195.52698,4.323943468285668
1878,2025-04-09,sell,17609.306003,17659.801197,50.495193999999174,Bougie_SL,LOSS,17558.810809000002,LOSS,17533.563212,LOSS,17508.315615000003,LOSS,17483.068018000005,LOSS,17312.4554745,5.8787877614651345,LOSS,17071.455689,10.651514954076854
1881,2025-04-14,sell,19496.500089,19513.586846,17.086756999997306,Bougie_SL,WIN,19479.413332000004,WIN,19470.869953500005,WIN,19462.326575000006,WIN,19453.783196500008,WIN,19426.877929,4.074626917209252,NO_TOUCH,19337.618749,9.298507610310427
1882,2025-04-15,sell,19382.248339,19394.99965,12.751310999999987,Bougie_SL,LOSS,19369.497028,LOSS,19363.1213725,LOSS,19356.745717,LOSS,19350.3700615,LOSS,19279.217743,8.080000244680772,LOSS,19227.447419,12.140000349768087
1884,2025-04-17,sell,18957.884696,18983.897371,26.012674999998126,Bougie_SL,WIN,18931.872021000003,WIN,18918.865683500004,WIN,18905.859346000005,NO_TOUCH,18892.853008500006,NO_TOUCH,18848.3509315,4.210784338788988,NO_TOUCH,18744.937796,8.186274575760393
1890,2025-04-28,sell,19881.844719,19900.971686,19.12696700000015,Bougie_SL,WIN,19862.717752,WIN,19853.154268500002,WIN,19843.590785,WIN,19834.0273015,LOSS,19822.5511215,3.0999999895435364,LOSS,19782.129464,5.213333352851938
1892,2025-04-30,sell,19968.553637,19973.909188,5.35555100000056,Bougie_SL,LOSS,19963.198086,LOSS,19960.5203105,LOSS,19957.842535,LOSS,19955.1647595,LOSS,19927.621927,7.642856916122444,LOSS,19876.999221,17.095237446155046
1899,2025-05-09,sell,20586.482187,20601.273708,14.791520999999193,Bougie_SL,LOSS,20571.690666000002,LOSS,20564.294905500003,LOSS,20556.899145000003,LOSS,20549.503384500003,LOSS,20546.8256085,2.6810345264698765,LOSS,20484.471696,6.896551815057186
1900,2025-05-12,sell,21217.417074,21257.201166,39.784091999998054,Bougie_SL,LOSS,21177.632982000003,LOSS,21157.740936000002,LOSS,21137.848890000005,LOSS,21117.956844000008,LOSS,20914.3184025,7.618589648847955,LOSS,20851.96449,9.185897317953625
1906,2025-05-20,buy,21885.840817,21873.089506,12.751310999999987,Bougie_SL,LOSS,21898.592128,LOSS,21904.9677835,LOSS,21911.343439,LOSS,21917.7190945,LOSS,21921.034437,2.760000128614087,LOSS,21995.757122,8.620000327809347
1908,2025-05-22,sell,21598.426259,21620.103488,21.677229000000807,Bougie_SL,LOSS,21576.74903,LOSS,21565.9104155,LOSS,21555.071801,LOSS,21544.233186499998,LOSS,21597.533667,0.04117648062859494,LOSS,21560.172325,1.7647059040617634
1912,2025-05-28,buy,21884.820713,21869.519139,15.301574000000983,Bougie_SL,LOSS,21900.122287000002,LOSS,21907.773074000004,LOSS,21915.423861000003,LOSS,21923.074648,LOSS,21890.941342,0.3999999607881442,LOSS,21915.933912,2.0333332374824606
1915,2025-06-02,buy,21682.83994,21664.478052,18.36188800000309,Bougie_SL,LOSS,21701.201828000005,LOSS,21710.382772000004,LOSS,21719.563716000008,LOSS,21728.74466000001,LOSS,21697.248922,0.7847222464266621,LOSS,21754.757336,3.916666739280023
1916,2025-06-03,buy,21893.74663,21877.424952,16.321678000000247,Bougie_SL,LOSS,21910.068308,LOSS,21918.229147000002,LOSS,21926.389986000002,LOSS,21934.550825000002,LOSS,21901.397417,0.4687500268047536,LOSS,21934.805853,2.515625109133974
1921,2025-06-10,buy,22232.166435,22216.354809,15.811625999998796,Bougie_SL,WIN,22247.978060999998,LOSS,22255.883874,LOSS,22263.789686999997,LOSS,22271.695499999994,LOSS,22304.4663705,4.5725806757638185,LOSS,22415.02024,11.564516198398342
1925,2025-06-16,sell,22194.657177,22223.186961,28.52978399999847,Bougie_SL,LOSS,22166.127393000002,LOSS,22151.862501000003,LOSS,22137.597609000004,LOSS,22123.332717000005,LOSS,22135.7231665,2.0657012510155766,LOSS,22095.472377,3.4765352587319986
1926,2025-06-17,buy,22262.825688,22247.172178,15.653510000000097,Bougie_SL,LOSS,22278.479198,LOSS,22286.305953000003,LOSS,22294.132708,LOSS,22301.959463,LOSS,22280.7514815,1.1451612769275759,LOSS,22336.043718,4.677419313623561
1934,2025-06-27,sell,22961.931636,22977.585146,15.653510000000097,Bougie_SL,NO_TOUCH,22946.278126,NO_TOUCH,22938.451371000003,NO_TOUCH,22930.624616,NO_TOUCH,22922.797861,NO_TOUCH,22913.834965,3.072580590551427,NO_TOUCH,22884.673991,4.935483798841347
1938,2025-07-03,sell,23107.357793,23119.981591,12.623798000000534,Bougie_SL,WIN,23094.733995,WIN,23088.422096,WIN,23082.110196999998,WIN,23075.798297999998,WIN,23080.847816,2.100000095058299,NO_TOUCH,23053.07546,4.300000126744495
1939,2025-07-04,buy,23196.98676,23179.818395,17.16836500000136,Bougie_SL,LOSS,23214.155125,LOSS,23222.7393075,LOSS,23231.323490000002,LOSS,23239.907672500005,LOSS,23246.2195735,2.867647181312547,LOSS,23278.031545,4.720588419456101
1941,2025-07-08,sell,23160.630221,23174.011447,13.381226000001334,Bougie_SL,LOSS,23147.248994999998,LOSS,23140.558381999996,LOSS,23133.867768999997,LOSS,23127.177155999998,LOSS,23125.0311105,2.6603773450949726,LOSS,23083.877528,5.735849091853833
1945,2025-07-14,buy,23062.669547,23038.431854,24.237693000002764,Bougie_SL,WIN,23086.907240000004,WIN,23099.026086500005,WIN,23111.144933000007,WIN,23123.26377950001,WIN,23079.4591985,0.692708315927485,WIN,23106.095413,1.7916666408800876
1947,2025-07-16,buy,23199.763996,23185.372866,14.391129999999976,Bougie_SL,WIN,23214.155126,WIN,23221.350691,WIN,23228.546256,WIN,23235.741821000003,WIN,23239.1502465,2.7368421034345323,NO_TOUCH,23273.486978,5.122807034610864
1950,2025-07-21,sell,23514.601525,23521.418376,6.816851000003226,Bougie_SL,LOSS,23507.784673999995,LOSS,23504.376248499993,LOSS,23500.96782299999,LOSS,23497.55939749999,LOSS,23490.2375945,3.574074084938657,LOSS,23472.690515,6.148148169877848
1958,2025-07-31,sell,24029.400019,24037.226774,7.826754999998229,Bougie_SL,LOSS,24021.573264000002,LOSS,24017.659886500005,LOSS,24013.746509000004,LOSS,24009.833131500003,LOSS,23996.199429,4.241935514783315,LOSS,23946.840378,10.54838703907539
1962,2025-08-06,sell,23426.739889,23438.858735,12.118846000001213,Bougie_SL,LOSS,23414.621043,LOSS,23408.56162,LOSS,23402.502196999998,LOSS,23396.442773999996,LOSS,23354.7842385,5.937500195975165,LOSS,23278.031545,12.270833708092658
1972,2025-08-20,sell,23632.255325,23649.171215,16.915890000000218,Bougie_SL,WIN,23615.339434999998,WIN,23606.88149,LOSS,23598.423544999998,LOSS,23589.965599999996,WIN,23611.047344,1.253731314166697,LOSS,23565.349194,3.955223816186962
1986,2025-09-09,sell,24092.266534,24110.949756,18.683222000003298,Bougie_SL,WIN,24073.583311999995,NO_TOUCH,24064.24170099999,NO_TOUCH,24054.900089999992,NO_TOUCH,24045.558478999992,NO_TOUCH,24055.405043,1.972972916555461,NO_TOUCH,24026.370307,3.527026922871538
1992,2025-09-17,sell,24529.0,24541.25,12.25,Bougie_SL,WIN,24516.75,WIN,24510.625,WIN,24504.5,WIN,24498.375,WIN,24523.625,0.4387755102040816,WIN,24497.5,2.5714285714285716
1995,2025-09-22,buy,24824.0,24807.5,16.5,Bougie_SL,LOSS,24840.5,LOSS,24848.75,LOSS,24857.0,LOSS,24865.25,LOSS,24852.0,1.696969696969697,LOSS,24876.0,3.1515151515151514
1998,2025-09-25,buy,24717.75,24703.75,14.0,Bougie_SL,WIN,24731.75,WIN,24738.75,WIN,24745.75,WIN,24752.75,LOSS,24765.5,3.4107142857142856,LOSS,24793.5,5.410714285714286
2001,2025-09-30,buy,24800.25,24785.5,14.75,Bougie_SL,WIN,24815.0,NO_TOUCH,24822.375,NO_TOUCH,24829.75,NO_TOUCH,24837.125,NO_TOUCH,24831.25,2.1016949152542375,NO_TOUCH,24856.75,3.830508474576271
2003,2025-10-02,sell,25072.75,25079.75,7.0,Bougie_SL,LOSS,25065.75,LOSS,25062.25,LOSS,25058.75,LOSS,25055.25,LOSS,25047.875,3.5535714285714284,LOSS,25019.25,7.642857142857143
2005,2025-10-06,buy,25106.0,25097.25,8.75,Bougie_SL,LOSS,25114.75,LOSS,25119.125,LOSS,25123.5,LOSS,25127.875,WIN,25079.875,2.9857142857142858,WIN,25109.25,0.37142857142857144
2010,2025-10-13,sell,24869.75,24897.0,27.25,Bougie_SL,WIN,24842.5,NO_TOUCH,24828.875,NO_TOUCH,24815.25,NO_TOUCH,24801.625,NO_TOUCH,24805.875,2.3440366972477062,NO_TOUCH,24756.25,4.165137614678899
2011,2025-10-14,buy,24685.75,24666.5,19.25,Bougie_SL,LOSS,24705.0,LOSS,24714.625,LOSS,24724.25,LOSS,24733.875,LOSS,24847.375,8.396103896103897,LOSS,25044.25,18.623376623376622
2012,2025-10-15,sell,24894.75,24911.5,16.75,Bougie_SL,WIN,24878.0,LOSS,24869.625,LOSS,24861.25,LOSS,24852.875,LOSS,24830.25,3.8507462686567164,LOSS,24740.5,9.208955223880597
2014,2025-10-17,buy,24553.0,24528.75,24.25,Bougie_SL,LOSS,24577.25,LOSS,24589.375,LOSS,24601.5,LOSS,24613.625,LOSS,24726.0,7.134020618556701,LOSS,24835.75,11.65979381443299
2016,2025-10-21,buy,25277.75,25268.0,9.75,Bougie_SL,LOSS,25287.5,LOSS,25292.375,LOSS,25297.25,LOSS,25302.125,LOSS,25321.875,4.5256410256410255,LOSS,25368.0,9.256410256410257
2019,2025-10-24,sell,25338.25,25356.75,18.5,Bougie_SL,LOSS,25319.75,LOSS,25310.5,LOSS,25301.25,LOSS,25292.0,LOSS,25316.125,1.195945945945946,LOSS,25284.75,2.891891891891892
2020,2025-10-27,sell,25786.5,25799.0,12.5,Bougie_SL,WIN,25774.0,LOSS,25767.75,LOSS,25761.5,LOSS,25755.25,LOSS,25748.25,3.06,LOSS,25706.75,6.38
2022,2025-10-29,sell,26271.5,26293.25,21.75,Bougie_SL,WIN,26249.75,WIN,26238.875,WIN,26228.0,NO_TOUCH,26217.125,NO_TOUCH,26214.875,2.603448275862069,NO_TOUCH,26166.0,4.850574712643678
2029,2025-11-07,sell,25290.25,25313.25,23.0,Bougie_SL,LOSS,25267.25,LOSS,25255.75,LOSS,25244.25,LOSS,25232.75,LOSS,25251.375,1.690217391304348,LOSS,25162.0,5.576086956521739
